Rk,Player,Pos,Age,Tm,G,GS,MP,FG,FGA,FG%,3P,3PA,3P%,2P,2PA,2P%,FT,FTA,FT%,ORB,DRB,TRB,AST,STL,BLK,TOV,PF,PTS
1,Alex Abrines\abrinal01,SG,24,OKC,75,8,1134,3.7,9.2,.395,2.7,7.0,.380,1.0,2.2,.443,1.2,1.5,.848,0.8,2.8,3.6,0.9,1.2,0.3,0.8,3.9,11.2
2,Quincy Acy\acyqu01,PF,27,BRK,70,8,1359,3.4,9.7,.356,2.7,7.7,.349,0.7,1.9,.384,1.3,1.6,.817,1.1,5.7,6.8,1.5,0.9,0.8,1.6,3.9,10.9
3,Steven Adams\adamsst01,C,24,OKC,76,76,2487,6.5,10.3,.629,0.0,0.0,.000,6.5,10.3,.631,2.3,4.1,.559,5.6,4.4,9.9,1.3,1.3,1.1,1.9,3.1,15.3
4,Bam Adebayo\adebaba01,C,20,MIA,69,19,1368,4.6,8.9,.512,0.0,0.2,.000,4.6,8.8,.523,3.4,4.7,.721,3.1,6.9,10.0,2.7,0.8,1.1,1.7,3.6,12.6
5,Arron Afflalo\afflaar01,SG,32,ORL,53,3,682,3.4,8.6,.401,1.4,3.7,.386,2.0,4.9,.413,1.2,1.4,.846,0.2,3.3,3.5,1.6,0.2,0.5,1.1,3.0,9.4
6,Cole Aldrich\aldrico01,C,29,MIN,21,0,49,3.7,11.0,.333,0.0,0.0,,3.7,11.0,.333,1.5,4.4,.333,2.2,8.8,11.0,2.2,1.5,0.7,0.7,8.1,8.8
7,LaMarcus Aldridge\aldrila01,C,32,SAS,75,75,2509,9.9,19.3,.510,0.4,1.3,.293,9.5,18.0,.526,4.8,5.7,.837,3.5,5.6,9.1,2.2,0.6,1.3,1.6,2.3,24.9
8,Jarrett Allen\allenja01,C,19,BRK,72,31,1441,5.8,9.9,.589,0.1,0.4,.333,5.7,9.5,.599,2.8,3.7,.776,3.6,6.1,9.7,1.2,0.7,2.2,2.0,3.7,14.7
9,Kadeem Allen\allenka01,PG,25,BOS,18,1,107,2.0,7.4,.273,0.0,3.7,.000,2.0,3.7,.545,2.4,3.0,.778,1.3,2.4,3.7,4.0,1.0,0.7,3.0,5.0,6.4
10,Tony Allen\allento01,SF,36,NOP,22,0,273,5.8,12.0,.484,0.5,1.6,.333,5.3,10.4,.506,1.5,2.8,.524,2.6,3.6,6.2,1.2,1.5,0.4,2.5,6.5,13.6
11,Al-Farouq Aminu\aminual01,PF,27,POR,69,67,2072,4.0,10.1,.395,2.2,5.9,.369,1.8,4.2,.432,1.0,1.4,.738,1.7,7.4,9.1,1.5,1.4,0.7,1.4,2.4,11.2
12,Justin Anderson\anderju01,SF,24,PHI,38,0,519,6.0,14.0,.431,2.4,7.1,.330,3.7,6.9,.535,1.9,2.6,.737,1.7,4.7,6.5,1.7,1.0,0.5,1.1,3.7,16.4
13,Kyle Anderson\anderky01,SF,24,SAS,74,67,1978,4.2,8.0,.527,0.3,1.0,.333,3.9,6.9,.556,1.9,2.7,.712,1.5,5.7,7.2,3.7,2.1,1.1,1.7,2.1,10.6
14,Ryan Anderson\anderry01,PF,29,HOU,66,50,1725,4.3,10.0,.431,2.7,7.1,.386,1.6,2.9,.539,1.5,1.9,.774,2.0,4.9,6.9,1.3,0.5,0.4,0.9,2.6,12.9
15,Ike Anigbogu\anigbik01,C,19,IND,11,0,30,4.8,10.8,.444,0.0,0.0,,4.8,10.8,.444,6.0,7.2,.833,6.0,4.8,10.8,0.0,1.2,3.6,2.4,1.2,15.6
16,Giannis Antetokounmpo\antetgi01,PF,23,MIL,75,75,2756,9.7,18.3,.529,0.6,1.8,.307,9.1,16.5,.554,6.4,8.4,.760,2.0,7.8,9.8,4.7,1.4,1.4,2.9,3.0,26.3
17,Carmelo Anthony\anthoca01,PF,33,OKC,78,78,2501,6.8,16.8,.404,2.4,6.8,.357,4.4,10.0,.437,2.1,2.8,.767,1.0,5.6,6.5,1.5,0.7,0.7,1.4,2.8,18.2
18,OG Anunoby\anunoog01,SF,20,TOR,74,62,1481,4.0,8.4,.471,1.8,4.8,.371,2.2,3.6,.604,0.9,1.5,.629,1.1,3.4,4.5,1.3,1.3,0.3,1.1,3.2,10.6
19,Ryan Arcidiacono\arcidry01,PG,23,CHI,24,0,304,2.0,4.9,.415,1.1,3.7,.290,0.9,1.2,.800,0.6,0.7,.833,0.1,2.8,3.0,4.1,1.5,0.0,1.5,2.1,5.7
20,Trevor Ariza\arizatr01,SF,32,HOU,67,67,2269,4.3,10.3,.412,2.7,7.3,.368,1.6,3.0,.519,1.2,1.4,.854,0.5,4.1,4.7,1.7,1.6,0.2,0.8,2.1,12.4
21,Darrell Arthur\arthuda01,PF,29,DEN,19,1,141,5.6,12.0,.468,2.0,5.9,.348,3.6,6.1,.583,0.5,0.8,.667,0.8,3.1,3.8,2.3,2.0,0.8,3.8,5.6,13.8
22,Jamel Artis\artisja01,SG,25,ORL,15,1,279,4.0,10.2,.392,1.0,3.7,.276,3.0,6.5,.460,0.9,1.5,.583,0.5,4.4,4.9,2.3,0.3,0.4,1.0,1.4,9.9
23,Omer Asik\asikom01,C,31,TOT,18,0,182,1.8,4.4,.409,0.0,0.0,,1.8,4.4,.409,0.8,2.6,.308,1.8,7.5,9.3,0.6,0.4,0.8,1.8,4.0,4.4
23,Omer Asik\asikom01,C,31,NOP,14,0,121,2.1,4.8,.438,0.0,0.0,,2.1,4.8,.438,1.2,3.6,.333,2.1,8.9,11.0,0.6,0.3,0.6,1.5,4.2,5.4
23,Omer Asik\asikom01,C,31,CHI,4,0,61,1.2,3.5,.333,0.0,0.0,,1.2,3.5,.333,0.0,0.6,.000,1.2,4.7,5.9,0.6,0.6,1.2,2.4,3.5,2.4
24,D.J. Augustin\augusdj01,PG,30,ORL,75,36,1760,5.0,11.0,.452,2.3,5.6,.419,2.7,5.5,.485,3.4,3.9,.868,0.6,2.7,3.3,5.9,1.1,0.0,2.5,1.9,15.7
25,Luke Babbitt\babbilu01,SF,28,TOT,50,14,715,4.6,10.8,.423,3.0,7.9,.385,1.6,3.0,.525,0.9,1.1,.773,0.4,4.5,4.8,1.6,0.4,0.4,1.0,2.7,13.0
25,Luke Babbitt\babbilu01,SF,28,ATL,37,9,570,5.1,10.6,.476,3.1,7.0,.441,2.0,3.6,.544,1.1,1.4,.773,0.3,4.8,5.1,1.6,0.4,0.3,0.9,3.0,14.3
25,Luke Babbitt\babbilu01,SF,28,MIA,13,5,145,2.7,11.7,.234,2.7,11.2,.244,0.0,0.5,.000,0.0,0.0,,0.5,3.2,3.7,1.2,0.2,0.5,1.0,1.7,8.2
26,Dwayne Bacon\bacondw01,SG,22,CHO,53,6,713,3.6,9.7,.375,0.6,2.2,.256,3.1,7.5,.409,1.0,1.3,.800,0.2,6.1,6.3,1.9,0.8,0.1,1.2,2.3,8.8
27,Ron Baker\bakerro01,SG,24,NYK,29,1,385,1.9,5.5,.339,1.0,3.1,.333,0.8,2.4,.346,1.9,2.4,.769,0.5,2.3,2.8,4.4,2.4,0.6,1.7,3.1,6.6
28,Wade Baldwin\baldwwa01,PG,21,POR,7,0,80,6.3,9.5,.667,1.8,2.3,.800,4.5,7.2,.625,2.7,4.5,.600,0.5,3.2,3.6,2.3,0.9,0.5,1.8,5.4,17.1
29,Lonzo Ball\balllo01,PG,20,LAL,52,50,1780,4.1,11.4,.360,1.8,6.0,.305,2.3,5.4,.420,0.6,1.4,.451,1.4,5.9,7.3,7.6,1.8,0.9,2.8,2.4,10.7
30,J.J. Barea\bareajo01,PG,33,DAL,69,10,1603,6.8,15.5,.439,2.6,7.0,.367,4.2,8.5,.499,1.8,2.3,.784,0.3,4.2,4.5,9.7,0.8,0.1,3.2,1.9,18.0
31,Harrison Barnes\barneha02,PF,25,DAL,77,77,2634,7.3,16.5,.445,1.6,4.6,.357,5.7,12.0,.478,3.5,4.3,.827,1.1,5.3,6.4,2.1,0.7,0.2,1.6,1.3,19.8
32,Will Barton\bartowi01,SG,27,DEN,81,40,2683,6.2,13.8,.452,2.1,5.7,.370,4.1,8.1,.510,2.4,3.0,.805,0.9,4.5,5.5,4.4,1.1,0.7,2.0,2.3,17.0
33,Nicolas Batum\batumni01,SG,29,CHO,64,64,1981,4.9,11.8,.415,1.7,5.0,.336,3.2,6.8,.473,2.0,2.4,.831,1.0,4.5,5.6,6.3,1.2,0.4,2.4,1.3,13.4
34,Jerryd Bayless\bayleje01,SG,29,PHI,39,11,925,4.2,10.2,.416,2.1,5.7,.370,2.1,4.5,.474,1.4,1.7,.795,0.6,2.5,3.1,2.1,0.9,0.2,1.8,3.5,11.9
35,Aron Baynes\baynear01,C,31,BOS,81,67,1485,5.1,10.8,.471,0.1,0.5,.143,5.0,10.3,.487,1.4,1.9,.756,3.2,7.4,10.5,2.3,0.5,1.2,1.9,4.8,11.7
36,Kent Bazemore\bazemke01,SG,28,ATL,65,65,1789,5.7,13.6,.420,2.2,5.5,.394,3.5,8.1,.438,3.2,4.0,.796,0.5,4.5,5.0,4.6,2.0,0.9,3.2,3.0,16.8
37,Bradley Beal\bealbr01,SG,24,WAS,82,82,2977,8.3,17.9,.460,2.4,6.4,.375,5.9,11.5,.507,3.5,4.5,.791,0.7,3.7,4.4,4.5,1.2,0.4,2.6,1.9,22.5
38,Malik Beasley\beaslma01,SG,21,DEN,62,0,583,4.5,11.0,.410,1.7,5.1,.341,2.8,5.9,.469,1.4,2.0,.667,0.9,3.5,4.4,1.9,0.9,0.4,1.5,2.2,12.1
39,Michael Beasley\beaslmi01,PF,29,NYK,74,30,1653,8.9,17.6,.507,0.7,1.9,.395,8.2,15.7,.520,2.7,3.5,.780,2.1,6.9,9.0,2.7,0.8,0.9,3.1,3.2,21.3
40,Marco Belinelli\belinma01,SG,31,TOT,80,2,1947,6.2,14.1,.441,2.8,7.3,.377,3.5,6.8,.509,2.7,3.0,.908,0.4,2.4,2.8,2.7,1.2,0.2,1.7,1.7,18.0
40,Marco Belinelli\belinma01,SG,31,ATL,52,1,1210,5.9,14.4,.410,2.7,7.3,.372,3.2,7.1,.450,3.0,3.2,.927,0.4,2.6,3.0,3.1,1.4,0.1,1.6,1.2,17.6
40,Marco Belinelli\belinma01,SG,31,PHI,28,1,737,6.7,13.6,.495,2.8,7.2,.385,4.0,6.4,.618,2.3,2.6,.870,0.3,2.2,2.5,2.2,1.0,0.4,2.0,2.4,18.6
41,Jordan Bell\belljo01,C,23,GSW,57,13,809,5.2,8.2,.627,0.0,0.2,.000,5.2,8.1,.641,1.3,2.0,.682,2.7,6.5,9.2,4.5,1.6,2.5,2.3,4.1,11.7
42,DeAndre' Bembry\bembrde01,SF,23,ATL,26,3,455,4.2,10.1,.414,0.9,2.4,.367,3.3,7.8,.429,1.5,2.6,.576,0.6,5.1,5.7,3.9,1.7,0.9,3.7,3.0,10.8
43,Dragan Bender\bendedr01,PF,20,PHO,82,37,2069,3.3,8.4,.386,2.1,5.6,.366,1.2,2.8,.426,0.7,0.9,.765,0.7,5.6,6.3,2.3,0.4,0.9,1.9,2.9,9.2
44,Davis Bertans\bertada01,PF,25,SAS,77,10,1086,5.3,12.1,.440,3.1,8.4,.373,2.2,3.8,.588,1.3,1.6,.816,0.6,4.5,5.1,2.5,0.9,0.9,1.2,3.1,15.1
45,Patrick Beverley\beverpa01,SG,29,LAC,11,11,334,5.2,12.8,.403,2.6,6.5,.400,2.6,6.4,.407,1.5,1.8,.824,1.7,3.1,4.9,3.4,2.0,0.5,2.7,3.7,14.4
46,Khem Birch\birchkh01,C,25,ORL,42,0,578,4.2,7.8,.540,0.0,0.0,,4.2,7.8,.540,2.6,3.8,.689,4.4,6.9,11.2,2.1,0.9,1.3,1.3,3.5,11.1
47,Jabari Bird\birdja01,SG,23,BOS,13,1,115,4.7,8.1,.577,0.9,2.2,.429,3.8,5.9,.632,1.9,4.1,.462,1.9,4.1,5.9,2.5,0.9,0.3,2.5,2.2,12.2
48,Bismack Biyombo\biyombi01,C,25,ORL,82,25,1495,4.4,8.5,.520,0.0,0.0,.000,4.4,8.5,.521,2.5,3.8,.650,3.5,7.8,11.3,1.6,0.5,2.3,2.0,3.8,11.3
49,Nemanja Bjelica\bjeline01,PF,29,MIN,67,21,1371,4.5,9.7,.461,2.0,4.8,.415,2.5,4.9,.505,0.9,1.2,.800,1.4,5.8,7.2,2.3,1.3,0.4,1.4,3.7,11.9
50,Tarik Black\blackta01,C,26,HOU,51,2,536,5.0,8.5,.591,0.1,0.7,.091,5.0,7.8,.638,1.9,4.2,.460,4.2,6.7,10.9,0.9,1.4,2.0,2.4,7.2,12.1
51,Antonio Blakeney\blakean01,SG,21,CHI,19,0,314,6.1,16.4,.371,1.7,6.0,.288,4.4,10.4,.418,3.4,4.5,.769,0.5,3.3,3.8,2.3,0.8,0.1,1.3,2.2,17.3
52,Eric Bledsoe\bledser01,PG,28,TOT,74,74,2322,7.3,15.3,.473,1.9,5.6,.347,5.3,9.8,.545,3.9,4.9,.795,0.8,3.6,4.4,5.7,2.3,0.7,3.3,2.9,20.4
52,Eric Bledsoe\bledser01,PG,28,PHO,3,3,83,6.9,17.3,.400,1.7,5.6,.308,5.2,11.7,.444,4.8,6.1,.786,1.3,1.7,3.0,3.9,1.7,0.9,4.3,2.6,20.4
52,Eric Bledsoe\bledser01,PG,28,MIL,71,71,2239,7.3,15.3,.476,1.9,5.6,.349,5.3,9.7,.550,3.9,4.9,.795,0.8,3.7,4.5,5.8,2.3,0.6,3.3,2.9,20.4
53,Vander Blue\blueva01,SG,25,LAL,5,0,45,0.8,4.0,.200,0.0,1.6,.000,0.8,2.4,.333,0.8,1.6,.500,0.0,0.8,0.8,2.4,0.8,0.0,2.4,1.6,2.4
54,Bogdan Bogdanovic\bogdabo01,SG,25,SAC,78,53,2175,5.7,12.8,.446,2.1,5.4,.392,3.6,7.3,.485,1.7,2.0,.840,0.5,3.2,3.7,4.3,1.2,0.3,2.1,2.8,15.2
55,Bojan Bogdanovic\bogdabo02,SF,28,IND,80,80,2464,5.9,12.4,.474,2.3,5.6,.402,3.6,6.8,.534,2.6,3.0,.868,0.4,3.5,3.9,1.7,0.8,0.1,1.5,1.9,16.7
56,Andrew Bogut\bogutan01,C,33,LAL,23,5,216,2.8,4.2,.680,0.0,0.0,,2.8,4.2,.680,0.3,0.3,1.000,4.3,8.7,13.0,2.5,0.7,2.2,3.2,6.7,6.0
57,Joel Bolomboy\bolomjo01,PF,24,MIL,6,0,38,2.8,5.7,.500,0.0,0.9,.000,2.8,4.7,.600,2.8,5.7,.500,5.7,3.8,9.5,0.0,1.9,0.0,1.9,2.8,8.5
58,Devin Booker\bookede01,SG,21,PHO,54,54,1865,8.8,20.3,.432,2.8,7.4,.383,5.9,12.9,.460,5.6,6.4,.878,0.5,4.2,4.7,4.9,0.9,0.3,3.7,3.2,26.0
59,Trevor Booker\booketr01,PF,30,TOT,68,7,1158,5.5,10.7,.516,0.2,1.0,.242,5.3,9.6,.545,2.1,2.9,.710,3.6,6.2,9.9,2.5,0.9,0.7,1.8,3.7,13.3
59,Trevor Booker\booketr01,PF,30,BRK,18,6,395,7.0,13.7,.513,0.3,1.1,.250,6.7,12.6,.536,2.2,3.9,.558,3.5,7.4,10.8,3.5,0.7,0.5,2.7,3.9,16.5
59,Trevor Booker\booketr01,PF,30,PHI,33,0,494,4.4,7.9,.560,0.1,0.5,.286,4.3,7.4,.578,2.3,2.8,.821,3.4,5.5,8.9,2.0,1.2,0.8,1.5,3.6,11.4
59,Trevor Booker\booketr01,PF,30,IND,17,1,269,5.2,11.2,.464,0.4,1.9,.214,4.8,9.4,.514,1.3,1.5,.909,4.3,6.0,10.3,2.3,0.5,0.7,1.2,3.5,12.2
60,Chris Boucher\bouchch01,PF,25,GSW,1,0,1,0.0,36.0,.000,0.0,36.0,.000,0.0,0.0,,0.0,0.0,,0.0,36.0,36.0,0.0,0.0,0.0,0.0,0.0,0.0
61,Avery Bradley\bradlav01,SG,27,TOT,46,46,1433,6.5,15.7,.414,1.9,5.1,.369,4.6,10.6,.436,1.6,2.1,.768,0.6,2.4,2.9,2.4,1.3,0.2,2.5,2.3,16.5
61,Avery Bradley\bradlav01,SG,27,DET,40,40,1268,6.6,16.2,.409,2.1,5.5,.381,4.5,10.7,.423,1.7,2.3,.763,0.5,2.1,2.7,2.4,1.3,0.2,2.6,2.3,17.1
61,Avery Bradley\bradlav01,SG,27,LAC,6,6,165,5.7,12.0,.473,0.2,2.0,.111,5.5,10.0,.543,0.4,0.4,1.000,0.7,4.1,4.8,2.4,1.1,0.2,1.7,2.6,12.0
62,Tony Bradley\bradlto01,C,20,UTA,9,0,29,3.7,13.7,.273,0.0,1.2,.000,3.7,12.4,.300,2.5,2.5,1.000,5.0,8.7,13.7,1.2,0.0,0.0,0.0,1.2,9.9
63,Corey Brewer\breweco01,SF-SG,31,TOT,72,18,1208,4.2,9.4,.449,0.9,3.3,.282,3.3,6.1,.539,1.9,2.7,.722,1.3,3.3,4.6,1.9,2.4,0.4,1.5,4.1,11.3
63,Corey Brewer\breweco01,SF,31,LAL,54,2,694,4.0,8.9,.453,0.4,2.2,.186,3.6,6.7,.543,1.8,2.6,.667,1.2,3.6,4.8,2.1,2.1,0.4,2.0,4.3,10.3
63,Corey Brewer\breweco01,SG,31,OKC,18,16,514,4.5,10.1,.444,1.6,4.7,.343,2.9,5.4,.532,2.2,2.7,.795,1.4,2.9,4.3,1.7,2.7,0.4,0.8,3.9,12.7
64,Malcolm Brogdon\brogdma01,PG,25,MIL,48,20,1436,6.1,12.6,.485,1.6,4.0,.385,4.6,8.6,.532,1.9,2.1,.882,0.6,3.3,3.9,3.8,1.0,0.3,1.7,3.2,15.7
65,Aaron Brooks\brookaa01,PG,33,MIN,32,1,189,5.3,13.1,.406,2.1,5.9,.355,3.2,7.2,.447,1.5,2.1,.727,1.3,1.9,3.2,3.8,1.1,0.0,2.1,5.3,14.3
66,Dillon Brooks\brookdi01,SF,22,MEM,82,74,2350,5.2,11.8,.440,1.4,4.0,.356,3.8,7.8,.484,1.9,2.5,.747,0.8,3.2,3.9,2.1,1.1,0.3,1.9,3.6,13.8
67,MarShon Brooks\brookma01,SG,29,MEM,7,1,193,9.5,19.0,.500,3.5,6.0,.594,6.0,13.1,.457,3.7,4.3,.870,1.5,2.4,3.9,4.7,2.1,0.6,3.0,1.1,26.3
68,Anthony Brown\brownan02,SF,25,MIN,1,0,4,9.0,9.0,1.000,9.0,9.0,1.000,0.0,0.0,,0.0,0.0,,0.0,0.0,0.0,9.0,0.0,0.0,0.0,0.0,27.0
69,Bobby Brown\brownbo02,PG,33,HOU,20,0,115,5.9,18.2,.328,3.4,12.5,.275,2.5,5.6,.444,0.3,0.6,.500,0.0,2.2,2.2,3.4,1.3,0.0,2.8,1.9,15.7
70,Jaylen Brown\brownja02,SG,21,BOS,70,70,2152,6.2,13.4,.465,2.0,5.1,.395,4.2,8.3,.507,2.5,3.9,.644,1.1,4.7,5.8,1.9,1.2,0.4,2.1,3.0,17.0
71,Lorenzo Brown\brownlo01,PG,27,TOR,14,0,139,3.6,8.8,.412,0.5,3.1,.167,3.1,5.7,.545,0.5,0.5,1.000,0.3,3.6,3.9,3.4,1.3,0.0,0.8,1.8,8.3
72,Markel Brown\brownma02,SG,26,HOU,4,0,31,2.3,8.1,.286,1.2,5.8,.200,1.2,2.3,.500,0.0,0.0,,1.2,4.6,5.8,2.3,0.0,0.0,2.3,7.0,5.8
73,Sterling Brown\brownst02,SG,22,MIL,54,4,776,3.8,9.5,.400,1.5,4.2,.352,2.3,5.3,.439,1.0,1.1,.875,1.3,5.4,6.6,1.2,1.4,0.6,1.2,3.7,10.1
74,Nicolas Brussino\brussni01,SF,24,ATL,4,0,10,0.0,7.2,.000,0.0,7.2,.000,0.0,0.0,,0.0,0.0,,0.0,10.8,10.8,0.0,0.0,0.0,0.0,0.0,0.0
75,Thomas Bryant\bryanth01,C,20,LAL,15,0,72,4.0,10.5,.381,0.5,5.0,.100,3.5,5.5,.636,2.5,4.5,.556,1.5,7.0,8.5,3.0,0.5,1.0,1.0,3.0,11.0
76,Reggie Bullock\bullore01,SF,26,DET,62,52,1732,5.5,11.3,.489,2.6,5.8,.445,3.0,5.5,.536,0.8,1.0,.796,0.6,2.6,3.2,2.0,1.0,0.3,1.0,1.5,14.5
77,Trey Burke\burketr01,PG,25,NYK,36,9,785,8.9,17.6,.503,1.7,4.8,.362,7.1,12.8,.556,1.7,2.6,.649,0.6,2.7,3.3,7.8,1.1,0.2,2.0,2.0,21.1
78,Alec Burks\burksal01,SG,26,UTA,64,1,1059,5.8,14.1,.411,1.6,4.8,.331,4.2,9.2,.452,3.6,4.2,.863,0.6,5.9,6.5,2.3,1.3,0.3,2.0,2.5,16.8
79,Jimmy Butler\butleji01,SG,28,MIN,59,59,2164,7.3,15.3,.474,1.2,3.3,.350,6.1,12.0,.509,6.0,7.1,.854,1.3,3.9,5.2,4.8,1.9,0.4,1.8,1.3,21.7
80,Dwight Buycks\buyckdw01,PG,28,DET,29,0,427,6.9,16.7,.414,1.3,3.8,.333,5.6,12.9,.438,3.0,3.5,.878,1.0,2.4,3.5,5.0,1.6,0.2,3.3,3.3,18.1
81,Bruno Caboclo\cabocbr01,SF,22,TOT,12,0,107,3.0,10.4,.290,1.0,5.7,.176,2.0,4.7,.429,1.7,2.0,.833,2.4,5.0,7.4,1.3,1.0,1.3,1.3,2.7,8.7
81,Bruno Caboclo\cabocbr01,SF,22,TOR,2,0,7,0.0,10.3,.000,0.0,10.3,.000,0.0,0.0,,0.0,0.0,,0.0,5.1,5.1,5.1,5.1,0.0,0.0,5.1,0.0
81,Bruno Caboclo\cabocbr01,SF,22,SAC,10,0,100,3.2,10.4,.310,1.1,5.4,.200,2.2,5.0,.429,1.8,2.2,.833,2.5,5.0,7.6,1.1,0.7,1.4,1.4,2.5,9.4
82,Jose Calderon\caldejo01,PG,36,CLE,57,32,914,3.7,7.3,.503,1.8,3.8,.464,1.9,3.5,.545,0.9,1.2,.800,0.6,2.8,3.3,4.6,1.1,0.1,1.6,3.2,10.0
83,Kentavious Caldwell-Pope\caldwke01,SG,24,LAL,74,74,2458,5.0,11.7,.426,2.3,6.1,.383,2.7,5.6,.473,2.2,2.8,.789,0.9,4.8,5.7,2.4,1.6,0.2,1.4,2.1,14.5
84,Isaiah Canaan\canaais01,PG-SG,26,TOT,20,1,422,4.4,11.7,.380,1.9,5.6,.333,2.6,6.1,.423,3.9,4.4,.902,0.5,3.3,3.8,6.5,1.4,0.1,2.5,3.1,14.7
84,Isaiah Canaan\canaais01,SG,26,HOU,1,0,4,0.0,9.0,.000,0.0,0.0,,0.0,9.0,.000,0.0,0.0,,0.0,9.0,9.0,0.0,0.0,0.0,0.0,0.0,0.0
84,Isaiah Canaan\canaais01,PG,26,PHO,19,1,418,4.5,11.7,.382,1.9,5.7,.333,2.6,6.0,.429,4.0,4.4,.902,0.5,3.3,3.8,6.5,1.4,0.1,2.5,3.1,14.8
85,Clint Capela\capelca01,C,23,HOU,74,74,2034,7.8,12.0,.652,0.0,0.0,.000,7.8,11.9,.653,2.5,4.5,.560,4.3,9.9,14.2,1.2,1.0,2.4,1.8,3.3,18.2
86,DeMarre Carroll\carrode01,SF,31,BRK,73,73,2180,5.4,13.0,.414,2.4,6.5,.371,3.0,6.5,.457,3.1,4.1,.764,1.7,6.2,7.9,2.4,1.0,0.5,1.7,2.7,16.2
87,Vince Carter\cartevi01,SF,41,SAC,58,5,1026,4.0,9.9,.403,2.0,5.8,.345,2.0,4.1,.483,1.0,1.3,.757,0.6,4.6,5.2,2.4,1.5,0.9,1.3,3.4,11.0
88,Michael Carter-Williams\cartemi01,PG,26,CHO,52,2,835,3.3,9.9,.332,0.6,2.5,.237,2.7,7.3,.365,3.1,3.8,.820,1.6,4.4,5.9,5.0,1.9,1.0,2.2,4.3,10.3
89,Alex Caruso\carusal01,PG,23,LAL,37,7,562,3.2,7.4,.431,0.8,2.8,.302,2.4,4.7,.507,1.3,1.9,.700,1.0,3.2,4.2,4.8,1.5,0.6,2.7,3.3,8.6
90,Omri Casspi\casspom01,SF,29,GSW,53,7,740,5.8,10.1,.580,0.5,1.1,.455,5.4,9.0,.595,2.4,3.4,.725,1.5,8.3,9.7,2.5,0.9,0.9,1.8,3.5,14.6
91,Willie Cauley-Stein\caulewi01,C,24,SAC,73,58,2044,6.8,13.6,.502,0.1,0.2,.250,6.8,13.4,.506,2.7,4.4,.619,2.3,6.7,9.0,3.0,1.4,1.2,1.9,3.3,16.4
92,Tyler Cavanaugh\cavanty01,PF,23,ATL,39,1,518,4.7,10.6,.441,2.2,6.2,.360,2.4,4.4,.556,1.2,1.5,.810,3.1,5.7,8.8,1.9,0.6,0.3,1.0,4.2,12.7
93,Mario Chalmers\chalmma01,PG,31,MEM,66,10,1421,4.3,11.2,.379,1.3,4.8,.277,2.9,6.4,.456,3.0,3.5,.855,0.3,3.6,4.0,5.0,2.0,0.4,3.0,4.5,12.8
94,Tyson Chandler\chandty01,C,35,PHO,46,46,1151,3.8,5.8,.647,0.0,0.0,,3.8,5.8,.647,1.8,2.9,.624,4.2,8.9,13.1,1.7,0.5,0.8,1.8,3.3,9.4
95,Wilson Chandler\chandwi01,SF,30,DEN,74,71,2346,4.3,9.7,.445,1.4,3.8,.358,3.0,5.9,.501,1.4,1.7,.772,1.6,4.5,6.1,2.4,0.7,0.6,1.4,2.4,11.3
96,Marquese Chriss\chrisma01,PF,20,PHO,72,49,1527,4.8,11.2,.423,1.3,4.5,.295,3.4,6.8,.509,2.3,3.7,.608,1.8,7.5,9.3,2.0,1.2,1.7,2.5,4.8,13.1
97,Ian Clark\clarkia01,SG,26,NOP,74,2,1455,5.5,12.2,.448,1.5,4.8,.318,4.0,7.4,.533,1.1,1.5,.763,0.2,2.9,3.1,2.7,0.8,0.2,1.4,3.0,13.6
98,Jordan Clarkson\clarkjo01,SG,25,TOT,81,2,1888,8.2,18.2,.451,2.1,6.1,.352,6.1,12.1,.500,2.9,3.6,.800,1.1,3.1,4.1,4.2,1.1,0.1,2.4,2.0,21.4
98,Jordan Clarkson\clarkjo01,SG,25,LAL,53,2,1256,8.6,19.1,.448,1.9,6.0,.324,6.6,13.1,.505,3.0,3.8,.795,1.3,3.3,4.6,5.0,1.1,0.1,2.7,1.8,22.1
98,Jordan Clarkson\clarkjo01,SG,25,CLE,28,0,632,7.5,16.3,.456,2.5,6.2,.407,5.0,10.2,.486,2.7,3.3,.810,0.7,2.6,3.3,2.7,1.1,0.2,1.8,2.5,20.1
99,Gian Clavell\clavegi01,SG,24,DAL,7,0,64,3.4,10.1,.333,3.4,8.4,.400,0.0,1.7,.000,1.1,1.1,1.000,0.6,3.4,3.9,1.7,1.1,0.0,1.1,4.5,11.3
100,Antonius Cleveland\clevean01,SG,23,TOT,17,0,123,2.3,6.1,.381,0.9,1.2,.750,1.5,5.0,.294,1.2,1.8,.667,0.9,3.2,4.1,0.6,2.0,1.5,2.0,6.7,6.7
100,Antonius Cleveland\clevean01,SG,23,DAL,13,0,81,1.8,6.2,.286,0.0,0.4,.000,1.8,5.8,.308,0.9,1.8,.500,0.9,3.6,4.4,0.9,2.7,1.8,0.9,4.9,4.4
100,Antonius Cleveland\clevean01,SG,23,ATL,4,0,42,3.4,6.0,.571,2.6,2.6,1.000,0.9,3.4,.250,1.7,1.7,1.000,0.9,2.6,3.4,0.0,0.9,0.9,4.3,10.3,11.1
101,John Collins\collijo01,PF,20,ATL,74,26,1785,6.3,11.0,.576,0.3,0.9,.340,6.0,10.0,.598,2.7,3.8,.715,3.5,7.4,10.9,2.0,0.9,1.6,2.1,4.3,15.7
102,Zach Collins\colliza01,C,20,POR,66,1,1045,4.0,10.0,.398,1.2,3.9,.310,2.8,6.1,.455,0.9,1.4,.643,1.6,6.1,7.6,1.8,0.6,1.1,2.0,4.6,10.1
103,Kyle Collinsworth\colliky01,SF,26,DAL,32,2,480,2.8,7.4,.384,0.3,1.3,.235,2.5,6.1,.415,1.6,3.0,.525,2.4,5.6,8.0,4.2,1.3,0.7,1.8,3.3,7.6
104,Darren Collison\collida01,PG,30,IND,69,64,2018,5.6,11.4,.495,1.7,3.7,.468,3.9,7.7,.508,2.3,2.6,.882,0.7,2.5,3.2,6.6,1.6,0.3,1.5,2.2,15.3
105,Nick Collison\collini01,PF,37,OKC,15,0,75,6.2,9.1,.684,0.0,0.0,,6.2,9.1,.684,2.4,6.2,.385,3.4,6.2,9.6,1.9,0.0,0.0,3.4,3.4,14.9
106,Mike Conley\conlemi01,PG,30,MEM,12,12,373,6.2,16.2,.381,2.3,7.4,.312,3.9,8.8,.440,5.1,6.4,.803,0.0,2.6,2.6,4.7,1.2,0.3,1.7,2.3,19.8
107,Pat Connaughton\connapa01,SG,25,POR,82,5,1488,4.0,9.4,.423,1.8,5.1,.352,2.2,4.4,.506,0.9,1.1,.841,0.9,3.0,3.9,2.2,0.6,0.5,1.0,2.9,10.7
108,Quinn Cook\cookqu01,PG,24,GSW,33,18,740,5.9,12.3,.484,2.2,5.1,.442,3.7,7.2,.514,1.1,1.2,.880,0.5,3.5,4.0,4.3,0.6,0.0,1.6,2.9,15.2
109,Charles Cooke\cookech01,SG,23,NOP,13,0,38,1.9,13.3,.143,0.9,7.6,.125,0.9,5.7,.167,0.9,1.9,.500,0.0,1.9,1.9,0.9,0.9,0.0,0.9,0.0,5.7
110,Jack Cooley\cooleja01,PF,26,SAC,7,0,87,5.4,11.2,.481,0.0,0.0,,5.4,11.2,.481,5.8,7.9,.737,5.8,6.6,12.4,2.5,0.4,0.0,1.2,5.4,16.6
111,Matt Costello\costema01,C,24,SAS,4,0,32,2.3,4.5,.500,0.0,0.0,,2.3,4.5,.500,0.0,0.0,,1.1,9.0,10.1,2.3,2.3,2.3,1.1,7.9,4.5
112,DeMarcus Cousins\couside01,C,27,NOP,48,48,1737,8.4,17.9,.470,2.2,6.1,.354,6.3,11.8,.530,6.1,8.2,.746,2.2,10.6,12.8,5.3,1.6,1.6,5.0,3.8,25.1
113,Robert Covington\covinro01,SF,27,PHI,80,80,2532,4.9,11.9,.413,2.9,7.8,.369,2.0,4.1,.497,1.6,1.9,.853,0.8,5.4,6.2,2.2,1.9,1.0,1.8,3.4,14.3
114,Allen Crabbe\crabbal01,SG,25,BRK,75,68,2197,5.5,13.6,.407,3.3,8.7,.378,2.2,4.8,.461,1.9,2.2,.852,0.5,4.9,5.3,1.9,0.8,0.6,1.3,2.8,16.2
115,Torrey Craig\craigto01,SF,27,DEN,39,5,629,3.5,7.8,.453,1.0,3.3,.293,2.6,4.5,.570,1.3,2.0,.629,2.3,5.0,7.3,1.4,0.7,0.9,1.1,3.6,9.3
116,Jamal Crawford\crawfja01,SG,37,MIN,80,0,1653,6.7,16.2,.415,2.3,6.8,.331,4.4,9.3,.477,2.2,2.5,.903,0.5,1.7,2.2,4.0,0.9,0.2,2.1,1.9,17.9
117,Jordan Crawford\crawfjo02,SG,29,NOP,5,0,53,8.2,18.3,.444,5.4,9.5,.571,2.7,8.8,.308,0.7,0.7,1.000,1.4,1.4,2.7,8.8,0.7,0.7,3.4,4.8,22.4
118,Jae Crowder\crowdja01,SF,27,TOT,80,47,2090,4.7,11.6,.404,1.9,5.9,.323,2.8,5.7,.488,2.1,2.5,.818,1.0,3.7,4.7,1.7,1.1,0.4,1.3,3.2,13.3
118,Jae Crowder\crowdja01,SF,27,CLE,53,47,1346,4.2,10.1,.418,1.7,5.1,.328,2.5,5.0,.508,2.1,2.5,.848,1.1,3.5,4.6,1.6,1.1,0.3,1.1,3.3,12.1
118,Jae Crowder\crowdja01,SF,27,UTA,27,0,744,5.5,14.3,.386,2.3,7.4,.316,3.2,6.9,.462,2.1,2.7,.768,0.9,4.1,4.9,2.0,1.1,0.4,1.5,3.0,15.4
119,Dante Cunningham\cunnida01,SF,30,TOT,73,25,1562,3.8,8.4,.451,1.3,3.9,.345,2.4,4.5,.541,0.7,1.2,.596,1.8,5.1,6.9,1.1,0.9,0.7,0.8,2.6,9.6
119,Dante Cunningham\cunnida01,SF,30,NOP,51,24,1115,3.2,7.3,.440,1.1,3.5,.324,2.1,3.8,.547,0.6,1.2,.556,1.6,4.6,6.2,0.8,0.9,0.5,0.5,2.4,8.2
119,Dante Cunningham\cunnida01,SF,30,BRK,22,1,447,5.2,11.2,.468,1.9,4.8,.383,3.4,6.4,.532,0.9,1.3,.688,2.3,6.2,8.5,1.8,1.0,1.1,1.4,2.9,13.2
120,Stephen Curry\curryst01,PG,29,GSW,51,51,1631,9.4,19.1,.495,4.7,11.1,.423,4.8,8.0,.595,6.1,6.7,.921,0.8,5.0,5.8,6.8,1.8,0.2,3.4,2.5,29.7
121,Troy Daniels\danietr01,SG,26,PHO,79,15,1622,5.1,12.8,.403,4.1,10.2,.400,1.1,2.6,.419,1.2,1.4,.875,0.3,2.6,2.8,1.1,0.6,0.1,1.2,3.0,15.6
122,Anthony Davis\davisan02,PF,24,NOP,75,75,2727,10.3,19.3,.534,0.7,2.1,.340,9.6,17.2,.558,6.5,7.9,.828,2.5,8.5,11.0,2.3,1.5,2.5,2.1,2.1,27.9
123,Deyonta Davis\davisde01,C,21,MEM,62,6,943,6.1,10.1,.608,0.0,0.0,,6.1,10.1,.608,1.5,2.2,.667,2.9,6.7,9.5,1.5,0.6,1.5,1.2,4.8,13.7
124,Ed Davis\davised01,C,28,POR,78,0,1471,4.2,7.1,.582,0.0,0.0,.000,4.2,7.1,.584,1.8,2.7,.667,4.5,9.6,14.1,1.0,0.8,1.3,1.6,4.6,10.1
125,Dewayne Dedmon\dedmode01,C,28,ATL,62,46,1542,5.8,11.1,.524,1.2,3.3,.355,4.7,7.8,.595,1.6,2.0,.779,2.3,9.1,11.4,2.1,0.9,1.2,2.0,3.8,14.4
126,Sam Dekker\dekkesa01,PF,23,LAC,73,1,883,5.2,10.6,.494,0.4,2.4,.167,4.8,8.1,.593,1.5,2.3,.661,1.8,5.3,7.1,1.5,1.0,0.4,1.3,2.9,12.4
127,Malcolm Delaney\delanma01,PG,28,ATL,54,3,1014,3.9,10.1,.382,1.6,4.4,.371,2.2,5.7,.391,2.6,3.3,.804,0.3,3.2,3.6,5.8,1.2,0.2,2.3,2.9,12.0
128,Matthew Dellavedova\dellama01,PG,27,MIL,38,3,712,2.8,7.7,.362,1.5,3.9,.372,1.3,3.7,.351,1.3,1.4,.926,0.7,2.5,3.2,7.3,0.7,0.0,2.5,3.4,8.3
129,Luol Deng\denglu01,SF,32,LAL,1,1,13,2.8,5.5,.500,0.0,0.0,,2.8,5.5,.500,0.0,0.0,,0.0,0.0,0.0,2.8,2.8,0.0,2.8,0.0,5.5
130,DeMar DeRozan\derozde01,SG,28,TOR,80,80,2711,8.6,18.8,.456,1.2,3.8,.310,7.4,15.0,.494,6.1,7.4,.825,0.8,3.4,4.2,5.5,1.1,0.3,2.3,2.0,24.4
131,Cheick Diallo\diallch01,PF,21,NOP,52,0,581,6.3,10.9,.580,0.0,0.0,,6.3,10.9,.580,3.1,4.1,.758,2.9,10.2,13.1,1.2,0.7,1.3,1.7,5.1,15.7
132,Gorgui Dieng\dienggo01,C,28,MIN,79,0,1333,5.0,10.5,.479,0.5,1.6,.311,4.5,8.8,.511,2.1,2.8,.775,2.9,6.9,9.7,1.9,1.2,1.1,1.6,4.0,12.7
133,Spencer Dinwiddie\dinwisp01,PG,24,BRK,80,58,2306,5.1,13.1,.387,2.2,6.8,.326,2.9,6.3,.452,3.4,4.2,.813,0.6,3.4,4.0,8.2,1.1,0.4,2.0,2.9,15.7
134,Tyler Dorsey\dorsety01,SG,21,ATL,56,5,974,5.3,14.1,.377,2.7,7.4,.362,2.7,6.8,.393,1.7,2.3,.714,0.6,4.2,4.8,2.9,0.6,0.2,1.4,2.3,15.0
135,Damyean Dotson\dotsoda01,SG,23,NYK,44,2,474,5.5,12.2,.447,1.7,5.2,.324,3.8,7.1,.538,1.2,1.7,.696,0.7,5.7,6.4,2.4,0.9,0.2,1.3,2.6,13.8
136,Milton Doyle\doylemi01,SG,24,BRK,10,0,125,3.7,13.5,.277,1.2,6.6,.174,2.6,6.9,.375,1.2,2.3,.500,0.9,4.3,5.2,2.9,1.7,0.6,0.6,3.7,9.8
137,PJ Dozier\doziepj01,PG,21,OKC,2,0,3,12.0,24.0,.500,0.0,0.0,,12.0,24.0,.500,0.0,0.0,,0.0,12.0,12.0,0.0,0.0,0.0,12.0,12.0,24.0
138,Goran Dragic\dragigo01,PG,31,MIA,75,75,2378,7.3,16.3,.450,1.7,4.5,.370,5.6,11.7,.481,3.3,4.1,.801,0.8,3.8,4.6,5.4,1.0,0.2,2.5,2.7,19.6
139,Larry Drew\drewla02,PG,27,TOT,10,0,70,3.6,12.3,.292,1.5,4.6,.333,2.1,7.7,.267,0.0,0.0,,1.5,0.0,1.5,5.1,0.0,0.0,1.5,3.1,8.7
139,Larry Drew\drewla02,PG,27,PHI,3,0,15,2.4,16.8,.143,0.0,7.2,.000,2.4,9.6,.250,0.0,0.0,,2.4,0.0,2.4,4.8,0.0,0.0,2.4,4.8,4.8
139,Larry Drew\drewla02,PG,27,NOP,7,0,55,3.9,11.1,.353,2.0,3.9,.500,2.0,7.2,.273,0.0,0.0,,1.3,0.0,1.3,5.2,0.0,0.0,1.3,2.6,9.8
140,Andre Drummond\drumman01,C,24,DET,78,78,2625,6.4,12.1,.529,0.0,0.2,.000,6.4,11.9,.536,3.3,5.4,.605,5.5,11.6,17.1,3.3,1.6,1.7,2.7,3.4,16.1
141,Jared Dudley\dudleja01,PF,32,PHO,48,0,686,2.5,6.4,.393,1.5,4.2,.363,1.0,2.2,.452,1.4,1.8,.771,0.4,4.5,4.9,4.1,1.3,0.6,1.5,4.5,8.0
142,Kris Dunn\dunnkr01,PG,23,CHI,52,43,1525,6.8,15.7,.429,1.0,3.2,.321,5.7,12.6,.457,2.0,2.7,.737,0.6,4.7,5.2,7.3,2.5,0.6,3.5,4.1,16.5
143,Kevin Durant\duranke01,PF,29,GSW,68,68,2325,9.8,18.9,.516,2.7,6.4,.419,7.1,12.5,.565,5.6,6.3,.889,0.5,6.7,7.2,5.7,0.8,1.8,3.2,2.1,27.7
144,Jarell Eddie\eddieja01,SF,26,TOT,3,0,9,0.0,8.0,.000,0.0,8.0,.000,0.0,0.0,,0.0,0.0,,0.0,4.0,4.0,0.0,4.0,0.0,0.0,0.0,0.0
144,Jarell Eddie\eddieja01,SF,26,BOS,2,0,6,0.0,6.0,.000,0.0,6.0,.000,0.0,0.0,,0.0,0.0,,0.0,6.0,6.0,0.0,6.0,0.0,0.0,0.0,0.0
144,Jarell Eddie\eddieja01,SF,26,CHI,1,0,3,0.0,12.0,.000,0.0,12.0,.000,0.0,0.0,,0.0,0.0,,0.0,0.0,0.0,0.0,0.0,0.0,0.0,0.0,0.0
145,Henry Ellenson\ellenhe01,PF,21,DET,38,0,329,5.8,16.0,.363,2.2,6.6,.333,3.6,9.4,.384,2.7,3.2,.862,1.1,7.8,8.9,2.2,0.5,0.0,2.0,2.4,16.5
146,Wayne Ellington\ellinwa01,SG,30,MIA,77,2,2041,5.0,12.3,.407,4.0,10.2,.392,1.0,2.1,.479,1.2,1.4,.859,0.4,3.4,3.8,1.4,0.9,0.1,0.9,1.7,15.2
147,Joel Embiid\embiijo01,C,23,PHI,63,63,1912,9.6,19.9,.483,1.2,4.0,.308,8.4,15.9,.527,6.8,8.8,.769,2.7,10.3,13.0,3.7,0.8,2.1,4.4,3.9,27.2
148,James Ennis\ennisja01,SF,27,TOT,72,22,1604,4.1,8.6,.474,1.1,3.4,.333,2.9,5.2,.567,2.2,2.6,.836,1.6,3.4,5.0,1.6,1.1,0.4,1.3,3.0,11.5
148,James Ennis\ennisja01,SF,27,MEM,45,14,1053,3.7,7.6,.486,1.0,2.9,.357,2.7,4.7,.565,2.2,2.5,.877,1.8,3.6,5.4,1.7,1.1,0.4,1.3,2.8,10.6
148,James Ennis\ennisja01,SF,27,DET,27,8,551,4.8,10.6,.457,1.4,4.5,.304,3.5,6.1,.570,2.2,2.8,.767,1.3,3.1,4.4,1.4,1.0,0.4,1.2,3.5,13.2
149,Tyler Ennis\ennisty01,PG,23,LAL,54,11,683,5.0,11.8,.420,0.7,3.0,.250,4.2,8.9,.476,1.2,1.5,.759,1.0,4.0,5.0,5.5,1.6,0.5,2.0,4.0,11.8
150,Jawun Evans\evansja01,PG,21,LAC,48,4,778,4.1,11.7,.352,0.7,2.5,.278,3.4,9.2,.372,1.8,2.3,.776,0.4,3.5,3.9,4.6,1.7,0.3,2.0,4.5,10.7
151,Jeremy Evans\evansje01,SF,30,ATL,1,0,5,7.2,7.2,1.000,0.0,0.0,,7.2,7.2,1.000,0.0,0.0,,7.2,0.0,7.2,0.0,0.0,0.0,7.2,7.2,14.4
152,Tyreke Evans\evansty01,PG,28,MEM,52,32,1607,8.2,18.1,.452,2.6,6.4,.399,5.6,11.7,.482,3.7,4.7,.785,1.0,5.0,5.9,6.0,1.3,0.4,2.6,2.2,22.6
153,Dante Exum\exumda01,PG,22,UTA,14,0,235,6.4,13.3,.483,0.8,2.8,.278,5.7,10.6,.536,3.8,4.7,.806,0.6,3.4,4.0,6.6,1.2,0.5,3.1,3.1,17.5
154,Kenneth Faried\farieke01,PF,28,DEN,32,7,461,5.9,11.6,.514,0.0,0.1,.000,5.9,11.5,.517,2.8,4.0,.706,5.3,6.6,11.9,1.4,0.9,1.0,1.8,4.0,14.7
155,Derrick Favors\favorde01,C,26,UTA,77,77,2153,6.6,11.7,.563,0.2,1.1,.222,6.4,10.7,.596,2.3,3.6,.651,3.3,5.9,9.2,1.7,0.9,1.4,1.5,2.7,15.8
156,Kay Felder\feldeka01,PG,22,TOT,16,0,140,5.4,18.0,.300,1.0,4.9,.211,4.4,13.1,.333,2.8,3.1,.917,0.8,3.9,4.6,5.1,0.8,0.3,4.1,2.8,14.7
156,Kay Felder\feldeka01,PG,22,CHI,14,0,134,5.4,17.7,.303,1.1,4.8,.222,4.3,12.9,.333,3.0,3.2,.917,0.3,3.5,3.8,5.4,0.8,0.3,4.0,3.0,14.8
156,Kay Felder\feldeka01,PG,22,DET,2,0,6,6.0,24.0,.250,0.0,6.0,.000,6.0,18.0,.333,0.0,0.0,,12.0,12.0,24.0,0.0,0.0,0.0,6.0,0.0,12.0
157,Cristiano Felicio\feliccr01,C,25,CHI,55,16,977,4.7,7.9,.591,0.0,0.1,.000,4.7,7.8,.596,2.0,3.0,.667,3.1,5.5,8.6,2.0,0.6,0.4,2.0,3.8,11.3
158,Raymond Felton\feltora01,PG,33,OKC,82,2,1365,5.9,14.6,.406,2.1,6.1,.352,3.8,8.5,.444,0.9,1.2,.818,0.7,3.5,4.1,5.4,1.3,0.4,2.0,2.4,14.9
159,Terrance Ferguson\fergute01,SG,19,OKC,61,12,763,3.3,8.0,.414,1.9,5.7,.333,1.4,2.3,.612,0.4,0.5,.900,0.9,1.3,2.2,0.9,1.1,0.5,0.5,3.9,8.9
160,Yogi Ferrell\ferreyo01,SG,24,DAL,82,21,2282,4.9,11.5,.426,2.1,5.7,.373,2.8,5.9,.477,1.3,1.6,.796,0.4,3.5,3.9,3.2,1.0,0.1,1.2,2.4,13.2
161,Dorian Finney-Smith\finnedo01,PF,24,DAL,21,13,448,3.7,9.7,.380,1.6,5.4,.299,2.1,4.3,.481,0.9,1.2,.733,1.8,4.3,6.0,2.1,0.8,0.3,1.7,3.5,9.9
162,Bryn Forbes\forbebr01,SG,24,SAS,80,12,1517,5.0,11.8,.421,2.1,5.4,.390,2.8,6.4,.446,1.1,1.7,.667,0.3,2.3,2.6,1.9,0.7,0.0,0.9,2.6,13.2
163,Evan Fournier\fournev01,SF,25,ORL,57,57,1837,7.2,15.7,.459,2.5,6.6,.379,4.7,9.2,.516,2.9,3.4,.867,0.5,3.1,3.5,3.2,0.9,0.3,1.9,2.7,19.9
164,De'Aaron Fox\foxde01,PG,20,SAC,73,60,2026,5.8,14.2,.412,0.8,2.7,.307,5.0,11.4,.436,2.5,3.5,.723,0.6,3.0,3.6,5.7,1.2,0.4,3.1,2.9,15.0
165,Tim Frazier\fraziti01,PG,27,WAS,59,11,838,2.9,7.4,.395,0.7,2.4,.304,2.2,5.0,.440,1.0,1.3,.767,0.8,4.2,4.9,8.3,2.0,0.3,2.4,4.2,7.6
166,Channing Frye\fryech01,C,34,TOT,53,1,695,5.4,11.0,.491,2.0,6.0,.339,3.4,5.0,.670,0.9,1.0,.895,0.6,6.4,7.0,2.0,0.9,0.7,1.1,3.6,13.7
166,Channing Frye\fryech01,C,34,CLE,44,1,545,5.5,11.2,.497,2.0,5.9,.333,3.6,5.2,.684,0.9,1.0,.933,0.7,6.6,7.3,1.8,1.1,0.8,1.1,3.6,14.0
166,Channing Frye\fryech01,C,34,LAL,9,0,150,4.8,10.3,.465,2.2,6.0,.360,2.6,4.3,.611,0.7,1.0,.750,0.5,5.5,6.0,2.4,0.2,0.2,1.0,3.6,12.5
167,Markelle Fultz\fultzma01,SG,19,PHI,14,0,253,6.4,15.8,.405,0.0,0.1,.000,6.4,15.7,.409,1.4,3.0,.476,1.6,4.6,6.1,7.5,1.7,0.6,2.4,3.1,14.2
168,Danilo Gallinari\gallida01,SF,29,LAC,21,21,671,5.5,13.7,.398,1.9,6.0,.324,3.5,7.8,.455,4.3,4.7,.931,0.5,4.9,5.4,2.2,0.6,0.5,1.4,1.6,17.2
169,Langston Galloway\gallola01,SG,26,DET,58,2,863,5.3,14.2,.371,3.1,9.1,.344,2.1,5.1,.418,1.4,1.7,.805,0.5,3.3,3.8,2.4,1.5,0.2,0.8,1.6,15.0
170,Marc Gasol\gasolma01,C,33,MEM,73,73,2408,6.5,15.4,.420,1.6,4.8,.341,4.9,10.7,.456,4.2,5.0,.834,1.2,7.7,8.9,4.6,0.8,1.5,2.9,2.8,18.8
171,Pau Gasol\gasolpa01,C,37,SAS,77,63,1812,5.7,12.5,.458,0.9,2.4,.358,4.8,10.1,.481,3.1,4.2,.756,2.6,9.7,12.3,4.7,0.5,1.6,2.1,2.4,15.4
172,Rudy Gay\gayru01,PF,31,SAS,57,6,1231,7.4,15.7,.471,1.1,3.5,.314,6.3,12.3,.516,3.3,4.2,.772,2.2,6.3,8.5,2.1,1.3,1.1,2.3,2.9,19.2
173,Paul George\georgpa01,SF,27,OKC,79,79,2891,7.2,16.7,.430,3.0,7.6,.401,4.1,9.1,.454,4.2,5.1,.822,0.9,4.7,5.6,3.3,2.0,0.5,2.6,2.9,21.6
174,Marcus Georges-Hunt\georgma01,SG,23,MIN,42,0,224,3.4,7.7,.438,0.6,2.4,.267,2.7,5.3,.515,2.1,3.4,.619,1.1,1.4,2.6,1.1,1.0,0.0,0.5,5.1,9.5
175,Jonathan Gibson\gibsojo01,PG,30,BOS,4,0,40,12.6,20.7,.609,5.4,10.8,.500,7.2,9.9,.727,0.0,0.0,,0.0,2.7,2.7,3.6,0.0,0.0,2.7,4.5,30.6
176,Taj Gibson\gibsota01,PF,32,MIN,82,82,2726,5.6,9.7,.577,0.1,0.5,.200,5.5,9.3,.595,1.9,2.4,.768,2.6,5.2,7.7,1.3,0.8,0.8,1.2,2.9,13.2
177,Manu Ginobili\ginobma01,SG,40,SAS,65,0,1299,5.6,12.8,.434,1.8,5.3,.333,3.8,7.5,.506,3.0,3.6,.840,0.5,3.4,3.9,4.5,1.2,0.4,2.9,3.5,16.0
178,Rudy Gobert\goberru01,C,25,UTA,56,56,1816,5.5,8.8,.622,0.0,0.0,,5.5,8.8,.622,4.0,5.9,.682,3.3,8.6,11.9,1.6,0.9,2.6,2.1,3.0,15.0
179,Aaron Gordon\gordoaa01,PF,22,ORL,58,57,1909,7.1,16.3,.434,2.2,6.4,.336,4.9,9.9,.497,3.0,4.2,.698,1.6,7.0,8.6,2.6,1.1,0.8,2.0,2.1,19.3
180,Eric Gordon\gordoer01,SG,29,HOU,69,30,2154,6.9,16.2,.428,3.6,10.2,.359,3.3,6.1,.544,3.3,4.0,.809,0.4,2.4,2.8,2.6,0.7,0.5,2.2,1.9,20.8
181,Marcin Gortat\gortama01,C,33,WAS,82,82,2075,5.0,9.7,.518,0.0,0.0,,5.0,9.7,.518,1.9,2.8,.675,3.1,7.7,10.8,2.6,0.7,1.1,1.7,3.0,12.0
182,Treveon Graham\grahatr01,SG,24,CHO,63,2,1050,3.3,7.6,.434,1.4,3.3,.412,1.9,4.3,.452,1.4,2.0,.695,1.4,2.7,4.1,2.0,1.1,0.1,0.9,3.7,9.4
183,Jerami Grant\grantje01,PF,23,OKC,81,1,1647,5.3,10.0,.535,0.7,2.4,.291,4.6,7.6,.613,3.5,5.2,.675,1.9,5.1,7.0,1.2,0.7,1.7,1.2,3.4,14.9
184,Jerian Grant\grantje02,PG,25,CHI,74,26,1686,4.5,10.7,.416,1.3,4.0,.326,3.2,6.7,.468,3.0,4.0,.745,0.7,3.0,3.7,7.3,1.3,0.2,1.9,2.8,13.2
185,Josh Gray\grayjo01,PG,24,PHO,5,0,86,4.6,17.2,.268,1.3,5.4,.231,3.3,11.7,.286,2.9,4.6,.636,0.8,3.3,4.2,5.0,3.3,0.8,2.9,3.3,13.4
186,Danny Green\greenda02,SG,30,SAS,70,60,1791,4.4,11.3,.387,2.3,6.4,.363,2.0,4.8,.419,1.0,1.3,.769,0.8,4.2,5.0,2.2,1.3,1.6,1.5,2.5,12.1
187,Draymond Green\greendr01,PF,27,GSW,70,70,2287,4.4,9.7,.454,1.2,4.0,.301,3.2,5.7,.562,2.1,2.7,.775,1.2,7.2,8.4,8.0,1.5,1.4,3.2,2.9,12.2
188,Gerald Green\greenge01,SG,32,HOU,41,2,929,6.5,16.0,.407,4.3,11.5,.369,2.2,4.5,.504,2.0,2.3,.850,0.6,4.6,5.2,1.0,0.9,0.6,1.2,3.4,19.3
189,JaMychal Green\greenja01,PF,27,MEM,55,54,1542,5.2,11.4,.457,1.0,3.0,.339,4.2,8.4,.499,1.9,2.6,.721,3.4,7.4,10.8,1.8,0.7,0.6,1.8,3.6,13.3
190,Jeff Green\greenje02,PF,31,CLE,78,13,1828,5.8,12.2,.477,1.0,3.3,.312,4.8,8.8,.540,4.0,4.6,.868,1.2,3.7,4.8,1.9,0.8,0.7,1.5,2.9,16.7
191,Blake Griffin\griffbl01,PF,28,TOT,58,58,1970,8.0,18.2,.438,2.0,5.9,.345,5.9,12.3,.482,4.7,6.0,.785,1.3,6.5,7.8,6.1,0.7,0.3,3.0,2.5,22.7
191,Blake Griffin\griffbl01,PF,28,LAC,33,33,1139,8.1,18.3,.441,2.0,5.9,.342,6.0,12.4,.488,5.4,6.9,.785,1.5,6.8,8.3,5.7,0.9,0.3,3.1,2.5,23.6
191,Blake Griffin\griffbl01,PF,28,DET,25,25,831,7.8,18.1,.433,2.0,5.8,.348,5.8,12.3,.473,3.8,4.8,.784,1.2,6.0,7.2,6.7,0.5,0.4,2.9,2.6,21.5
192,Daniel Hamilton\hamilda02,SG,22,OKC,6,0,28,6.4,14.1,.455,2.6,6.4,.400,3.9,7.7,.500,0.0,0.0,,0.0,6.4,6.4,10.3,1.3,0.0,2.6,2.6,15.4
193,Tim Hardaway\hardati02,SG,25,NYK,57,54,1885,6.9,16.3,.421,2.5,7.8,.317,4.4,8.5,.516,2.8,3.4,.816,0.6,3.7,4.3,3.0,1.2,0.2,1.8,2.3,19.0
194,James Harden\hardeja01,SG,28,HOU,72,72,2551,9.2,20.4,.449,3.7,10.2,.367,5.4,10.3,.531,8.8,10.3,.858,0.6,4.9,5.5,8.9,1.8,0.7,4.4,2.4,30.9
195,Maurice Harkless\harklma01,SF,24,POR,59,36,1264,4.2,8.5,.495,1.4,3.4,.415,2.8,5.1,.547,1.2,1.7,.712,1.3,3.3,4.6,1.5,1.4,1.2,1.1,2.9,11.0
196,Montrezl Harrell\harremo01,C,24,LAC,76,3,1293,9.7,15.3,.635,0.0,0.2,.143,9.7,15.1,.641,3.9,6.2,.626,2.9,5.7,8.5,2.1,1.0,1.4,1.9,4.0,23.3
197,Devin Harris\harride01,PG,34,TOT,71,1,1340,5.0,12.2,.412,2.1,6.1,.348,2.9,6.1,.476,3.8,4.6,.835,0.3,3.1,3.4,4.1,1.3,0.3,2.0,4.2,16.0
197,Devin Harris\harride01,PG,34,DAL,44,1,807,5.3,12.7,.415,2.0,5.6,.352,3.3,7.1,.465,4.1,5.0,.830,0.4,3.4,3.8,3.8,1.5,0.4,2.2,4.6,16.6
197,Devin Harris\harride01,PG,34,DEN,27,0,533,4.7,11.5,.406,2.4,6.9,.343,2.3,4.6,.500,3.3,3.9,.845,0.2,2.6,2.8,4.5,0.9,0.3,1.8,3.7,15.0
198,Gary Harris\harriga01,SG,23,DEN,67,65,2304,6.9,14.2,.485,2.4,6.2,.396,4.4,8.0,.553,2.1,2.5,.827,0.6,2.2,2.7,3.0,1.9,0.2,1.9,1.9,18.3
199,Joe Harris\harrijo01,SG,26,BRK,78,14,1975,5.6,11.3,.491,2.7,6.5,.419,2.8,4.8,.589,1.6,1.9,.827,0.9,3.8,4.7,2.3,0.6,0.4,1.7,2.8,15.4
200,Tobias Harris\harrito02,PF,25,TOT,80,80,2668,7.6,16.5,.460,2.5,6.0,.411,5.1,10.5,.488,2.4,2.9,.829,0.8,5.1,5.9,2.6,1.0,0.5,1.4,2.2,20.1
200,Tobias Harris\harrito02,PF,25,DET,48,48,1563,7.4,16.3,.451,2.6,6.4,.409,4.8,10.0,.478,2.6,3.1,.846,0.8,4.8,5.6,2.2,0.8,0.3,1.2,2.1,20.0
200,Tobias Harris\harrito02,PF,25,LAC,32,32,1105,7.9,16.7,.473,2.3,5.5,.414,5.6,11.2,.501,2.1,2.6,.800,0.7,5.6,6.3,3.2,1.2,0.7,1.8,2.4,20.1
201,Aaron Harrison\harriaa01,SG,23,DAL,9,3,233,2.9,10.7,.275,1.4,6.6,.209,1.5,4.0,.385,2.0,2.6,.765,0.6,3.1,3.7,1.7,1.4,0.3,0.5,4.2,9.3
202,Andrew Harrison\harrian01,PG,23,MEM,56,46,1326,4.9,11.6,.422,1.3,3.9,.331,3.6,7.8,.467,3.4,4.3,.780,0.6,2.9,3.6,4.8,1.0,0.7,2.2,3.7,14.5
203,Shaquille Harrison\harrish01,PG,24,PHO,23,2,384,5.5,11.6,.476,0.6,2.4,.231,5.0,9.2,.541,2.6,3.6,.737,0.8,4.9,5.7,5.2,2.4,0.7,2.1,3.9,14.2
204,Josh Hart\hartjo01,SG,22,LAL,63,23,1461,4.3,9.2,.469,1.9,4.9,.396,2.4,4.4,.551,1.6,2.3,.702,1.0,5.4,6.5,2.0,1.2,0.4,1.2,2.6,12.2
205,Udonis Haslem\hasleud01,C,37,MIA,14,0,72,1.5,7.5,.200,0.5,4.0,.125,1.0,3.5,.286,0.5,1.0,.500,1.5,3.5,5.0,2.5,0.0,1.0,1.0,1.5,4.0
206,Nigel Hayes\hayesni01,SF,23,TOT,9,0,122,3.2,9.7,.333,1.2,4.7,.250,2.1,5.0,.412,0.3,0.9,.333,1.2,5.3,6.5,1.8,0.6,0.9,0.6,2.4,8.0
206,Nigel Hayes\hayesni01,SF,23,LAL,2,0,11,3.3,9.8,.333,0.0,6.5,.000,3.3,3.3,1.000,3.3,3.3,1.000,0.0,0.0,0.0,6.5,0.0,0.0,0.0,0.0,9.8
206,Nigel Hayes\hayesni01,SF,23,TOR,2,0,6,12.0,12.0,1.000,12.0,12.0,1.000,0.0,0.0,,0.0,0.0,,0.0,0.0,0.0,0.0,0.0,0.0,6.0,0.0,36.0
206,Nigel Hayes\hayesni01,SF,23,SAC,5,0,105,2.7,9.6,.286,0.7,4.1,.167,2.1,5.5,.375,0.0,0.7,.000,1.4,6.2,7.5,1.4,0.7,1.0,0.3,2.7,6.2
207,Gordon Hayward\haywago01,SF,27,BOS,1,1,5,7.2,14.4,.500,0.0,7.2,.000,7.2,7.2,1.000,0.0,0.0,,0.0,7.2,7.2,0.0,0.0,0.0,0.0,7.2,14.4
208,Reggie Hearn\hearnre01,SG,26,DET,3,0,7,5.1,10.3,.500,5.1,10.3,.500,0.0,0.0,,0.0,0.0,,0.0,0.0,0.0,0.0,0.0,0.0,0.0,0.0,15.4
209,Myke Henry\henrymy01,SF,25,MEM,20,0,378,3.9,10.4,.376,1.8,5.5,.328,2.1,4.9,.431,0.6,1.0,.600,1.0,2.7,3.6,2.1,3.0,0.6,1.8,2.7,10.2
210,John Henson\hensojo01,C,27,MIL,76,69,1970,5.2,9.2,.572,0.0,0.1,.143,5.2,9.0,.578,1.6,2.9,.570,2.7,6.6,9.4,2.1,0.8,2.0,1.5,3.7,12.2
211,Juan Hernangomez\hernaju01,PF,22,DEN,25,3,277,3.8,9.7,.387,1.8,6.5,.280,1.9,3.2,.600,1.3,1.6,.833,2.3,4.7,7.0,1.6,0.8,0.4,1.2,3.2,10.7
212,Willy Hernangomez\hernawi01,C,23,TOT,48,1,495,6.6,11.9,.555,0.4,0.9,.417,6.3,11.1,.566,4.3,6.5,.656,4.4,8.9,13.3,2.4,1.3,1.2,2.5,4.7,17.9
212,Willy Hernangomez\hernawi01,C,23,NYK,26,0,233,7.6,12.5,.605,0.2,0.8,.200,7.4,11.7,.632,1.9,4.3,.429,3.4,7.0,10.4,3.2,1.2,1.1,4.0,4.9,17.2
212,Willy Hernangomez\hernawi01,C,23,CHO,22,1,262,5.8,11.4,.506,0.5,1.0,.571,5.2,10.4,.500,6.5,8.5,.758,5.4,10.6,15.9,1.6,1.4,1.2,1.2,4.4,18.5
213,Mario Hezonja\hezonma01,SF,22,ORL,75,30,1657,5.9,13.4,.442,2.0,5.8,.337,4.0,7.6,.523,1.9,2.3,.819,0.9,5.2,6.1,2.3,1.8,0.7,1.9,2.9,15.7
214,Isaiah Hicks\hicksis01,PF,23,NYK,18,0,240,5.0,10.8,.458,0.3,1.4,.222,4.6,9.5,.492,1.8,2.7,.667,1.5,4.6,6.1,2.4,0.3,0.6,2.4,6.8,12.0
215,Buddy Hield\hieldbu01,SG,24,SAC,80,12,2024,7.4,16.6,.446,3.1,7.3,.431,4.3,9.3,.457,1.3,1.4,.877,1.0,4.5,5.5,2.8,1.5,0.4,2.2,2.6,19.2
216,Nene Hilario\hilarne01,C,35,HOU,52,4,758,6.5,11.4,.569,0.0,0.1,.000,6.5,11.3,.574,3.2,5.1,.636,2.6,5.8,8.4,2.1,1.3,0.7,1.8,5.8,16.1
217,George Hill\hillge01,PG,31,TOT,67,60,1812,4.7,10.2,.460,1.7,4.1,.415,3.0,6.1,.490,2.2,2.8,.786,0.8,2.8,3.6,3.7,1.2,0.5,1.7,2.5,13.3
217,George Hill\hillge01,PG,31,SAC,43,36,1143,4.8,10.3,.469,1.8,4.0,.453,3.0,6.2,.480,2.4,3.1,.778,0.7,3.0,3.7,3.7,1.2,0.4,1.9,2.4,13.9
217,George Hill\hillge01,PG,31,CLE,24,24,669,4.5,10.1,.444,1.5,4.1,.351,3.0,5.9,.509,1.8,2.2,.805,1.1,2.4,3.4,3.6,1.2,0.8,1.5,2.9,12.2
218,Solomon Hill\hillso01,SF,26,NOP,12,1,187,2.1,7.9,.268,0.8,4.0,.190,1.3,3.9,.350,0.6,1.2,.500,1.7,5.2,6.9,4.2,1.3,0.2,1.7,4.2,5.6
219,Darrun Hilliard\hillida01,SG,24,SAS,14,0,95,1.9,7.2,.263,0.0,2.3,.000,1.9,4.9,.385,2.3,2.7,.857,0.0,2.7,2.7,4.2,0.8,0.0,1.5,2.7,6.1
220,Jrue Holiday\holidjr01,SG,27,NOP,81,81,2927,7.6,15.3,.494,1.5,4.4,.337,6.1,10.9,.557,2.3,2.9,.786,0.8,3.7,4.5,6.0,1.5,0.8,2.6,2.5,18.9
221,Justin Holiday\holidju01,SG,28,CHI,72,72,2265,4.6,12.4,.371,2.6,7.1,.359,2.1,5.3,.387,2.1,2.6,.823,0.5,4.1,4.6,2.4,1.3,0.5,1.5,2.1,13.9
222,John Holland\hollajo02,SF,29,CLE,24,0,174,3.5,12.2,.288,2.3,7.4,.306,1.2,4.8,.261,1.9,2.7,.692,1.2,3.7,5.0,1.0,1.4,0.4,1.7,2.1,11.2
223,Rondae Hollis-Jefferson\holliro01,SF,23,BRK,68,59,1920,6.4,13.6,.472,0.2,1.0,.241,6.2,12.6,.491,4.7,5.9,.788,1.9,6.7,8.6,3.1,1.2,0.9,2.3,2.7,17.7
224,Richaun Holmes\holmeri01,C,24,PHI,48,2,746,6.5,11.6,.560,0.2,1.5,.129,6.3,10.1,.624,1.8,2.7,.661,2.8,7.4,10.2,2.9,1.0,1.4,1.2,4.7,15.0
225,Rodney Hood\hoodro01,SG,25,TOT,60,23,1616,7.2,16.7,.429,2.8,7.4,.381,4.3,9.3,.467,2.5,2.9,.860,0.5,3.2,3.7,2.1,1.0,0.3,1.6,2.3,19.6
225,Rodney Hood\hoodro01,SG,25,UTA,39,12,1084,7.8,18.3,.424,3.4,8.7,.389,4.4,9.6,.455,2.8,3.2,.876,0.5,3.2,3.7,2.2,1.0,0.2,2.1,2.1,21.8
225,Rodney Hood\hoodro01,SG,25,CLE,21,11,532,6.0,13.5,.442,1.7,4.8,.352,4.3,8.7,.492,1.8,2.2,.813,0.5,3.1,3.7,2.0,1.0,0.3,0.5,2.8,15.4
226,Scotty Hopson\hopsosc01,SG,28,DAL,1,0,8,0.0,4.5,.000,0.0,0.0,,0.0,4.5,.000,4.5,9.0,.500,0.0,0.0,0.0,4.5,0.0,0.0,4.5,0.0,4.5
227,Al Horford\horfoal01,C,31,BOS,72,72,2277,5.8,11.9,.489,1.5,3.6,.429,4.3,8.3,.514,1.5,1.9,.783,1.6,6.8,8.4,5.4,0.7,1.2,2.1,2.2,14.7
228,Danuel House\houseda01,SG,24,PHO,23,3,403,5.0,11.5,.434,1.3,5.2,.259,3.7,6.3,.577,2.2,2.8,.806,1.2,5.6,6.8,2.2,0.6,0.5,1.0,2.1,13.6
229,Dwight Howard\howardw01,C,32,CHO,81,81,2463,7.4,13.3,.555,0.0,0.1,.143,7.4,13.2,.559,4.9,8.5,.574,3.7,11.1,14.8,1.5,0.7,1.9,3.0,3.6,19.7
230,Josh Huestis\huestjo01,PF,26,OKC,69,10,982,2.2,6.7,.330,1.2,4.2,.287,1.0,2.5,.403,0.2,0.7,.300,1.5,4.4,5.9,0.7,0.5,1.6,1.0,3.0,5.8
231,R.J. Hunter\hunterj01,SG,24,HOU,5,1,45,5.6,16.0,.350,2.4,11.2,.214,3.2,4.8,.667,1.6,1.6,1.000,0.0,4.0,4.0,2.4,2.4,0.0,1.6,5.6,15.2
232,Vince Hunter\huntevi01,PF,23,MEM,4,0,7,15.4,25.7,.600,0.0,0.0,,15.4,25.7,.600,0.0,0.0,,10.3,5.1,15.4,0.0,0.0,5.1,5.1,0.0,30.9
233,Serge Ibaka\ibakase01,PF,28,TOR,76,76,2093,6.5,13.5,.483,1.8,5.1,.360,4.7,8.4,.559,1.6,2.0,.797,1.3,6.9,8.2,1.1,0.5,1.7,1.5,3.6,16.5
234,Andre Iguodala\iguodan01,SF,34,GSW,64,7,1622,3.3,7.1,.463,0.7,2.6,.282,2.6,4.5,.567,1.2,1.9,.632,1.1,4.4,5.5,4.7,1.2,0.8,1.5,2.2,8.5
235,Ersan Ilyasova\ilyaser01,PF,30,TOT,69,43,1729,5.8,12.8,.452,1.9,5.3,.360,3.9,7.5,.517,2.2,2.8,.778,2.5,6.0,8.4,1.9,1.3,0.5,1.5,3.3,15.6
235,Ersan Ilyasova\ilyaser01,PF,30,ATL,46,40,1175,5.6,12.3,.459,1.9,5.2,.359,3.8,7.1,.532,2.2,2.8,.800,2.3,5.4,7.7,1.6,1.3,0.5,1.3,2.8,15.3
235,Ersan Ilyasova\ilyaser01,PF,30,PHI,23,3,554,6.0,13.8,.439,1.9,5.4,.361,4.1,8.4,.488,2.1,2.9,.733,2.9,7.1,10.0,2.5,1.1,0.6,1.9,4.2,16.2
236,Joe Ingles\inglejo01,SF,30,UTA,82,81,2578,4.7,10.0,.467,2.8,6.5,.440,1.8,3.5,.516,0.9,1.2,.795,0.3,4.5,4.8,5.5,1.3,0.3,2.2,2.5,13.1
237,Andre Ingram\ingraan01,SG,32,LAL,2,0,64,4.5,9.6,.471,2.8,5.1,.556,1.7,4.5,.375,1.7,1.7,1.000,0.6,2.8,3.4,3.9,1.7,1.7,1.7,1.7,13.5
238,Brandon Ingram\ingrabr01,SF,20,LAL,59,59,1975,6.5,13.9,.470,0.7,1.9,.390,5.8,12.0,.483,3.5,5.1,.681,1.0,4.7,5.7,4.2,0.8,0.8,2.7,3.0,17.3
239,Kyrie Irving\irvinky01,PG,25,BOS,60,60,1931,10.0,20.3,.491,3.1,7.6,.408,6.9,12.7,.541,4.3,4.9,.889,0.6,3.6,4.2,5.7,1.2,0.3,2.6,2.3,27.3
240,Jonathan Isaac\isaacjo01,PF,20,ORL,27,10,536,3.7,9.7,.379,1.1,3.1,.348,2.6,6.6,.394,1.3,1.7,.760,1.1,5.6,6.6,1.2,2.2,2.0,1.8,3.2,9.7
241,Wesley Iwundu\iwundwe01,SF,23,ORL,62,12,1020,3.3,7.7,.427,0.3,1.6,.196,3.0,6.1,.488,1.2,1.7,.723,1.3,3.6,4.8,2.0,1.2,0.4,1.1,2.9,8.1
242,Jarrett Jack\jackja01,PG,34,NYK,62,56,1548,4.4,10.3,.427,0.6,2.0,.291,3.8,8.3,.459,1.5,1.7,.840,0.5,3.9,4.4,8.1,0.8,0.1,2.7,2.3,10.8
243,Aaron Jackson\jacksaa01,PG,31,HOU,1,0,35,3.1,9.3,.333,1.0,4.1,.250,2.1,5.1,.400,1.0,2.1,.500,2.1,1.0,3.1,1.0,0.0,0.0,1.0,4.1,8.2
244,Demetrius Jackson\jacksde01,PG,23,TOT,15,0,80,3.2,8.1,.389,0.5,3.2,.143,2.7,5.0,.545,0.5,0.9,.500,2.3,3.2,5.4,4.1,2.3,0.5,4.5,3.2,7.2
244,Demetrius Jackson\jacksde01,PG,23,HOU,12,0,63,2.3,8.0,.286,0.0,3.4,.000,2.3,4.6,.500,0.0,0.0,,2.3,4.0,6.3,2.9,2.3,0.6,5.1,3.4,4.6
244,Demetrius Jackson\jacksde01,PG,23,PHI,3,0,17,6.4,8.5,.750,2.1,2.1,1.000,4.2,6.4,.667,2.1,4.2,.500,2.1,0.0,2.1,8.5,2.1,0.0,2.1,2.1,16.9
245,Josh Jackson\jacksjo02,SF,20,PHO,77,35,1959,7.1,17.1,.417,1.0,4.0,.263,6.1,13.1,.464,3.3,5.1,.634,1.7,4.7,6.5,2.2,1.5,0.6,2.7,4.0,18.6
246,Justin Jackson\jacksju01,SF,22,SAC,68,41,1506,4.4,10.0,.442,1.4,4.4,.308,3.1,5.6,.547,0.6,0.9,.722,0.6,3.8,4.5,1.8,0.7,0.3,1.0,1.9,10.8
247,Reggie Jackson\jacksre01,PG,27,DET,45,45,1201,7.4,17.3,.426,1.6,5.1,.308,5.8,12.2,.475,3.4,4.0,.836,0.9,2.9,3.7,7.1,0.8,0.1,3.0,2.6,19.7
248,LeBron James\jamesle01,PF,33,CLE,82,82,3026,10.2,18.8,.542,1.8,4.8,.367,8.4,14.0,.603,4.6,6.3,.731,1.2,7.3,8.4,8.9,1.4,0.8,4.1,1.6,26.8
249,Mike James\jamesmi02,PG,27,TOT,36,10,687,6.4,16.8,.383,1.4,5.1,.265,5.1,11.7,.435,3.4,4.4,.762,0.7,4.0,4.7,6.6,1.5,0.4,2.6,2.5,17.6
249,Mike James\jamesmi02,PG,27,PHO,32,10,669,6.5,16.8,.388,1.4,5.2,.268,5.1,11.6,.442,3.4,4.5,.762,0.6,4.1,4.8,6.5,1.5,0.4,2.6,2.4,17.9
249,Mike James\jamesmi02,PG,27,NOP,4,0,18,4.0,18.0,.222,0.0,2.0,.000,4.0,16.0,.250,0.0,0.0,,2.0,0.0,2.0,12.0,2.0,0.0,2.0,6.0,8.0
250,Al Jefferson\jeffeal01,C,33,IND,36,1,484,8.3,15.5,.534,0.0,0.2,.000,8.3,15.2,.541,2.2,2.7,.833,2.2,8.4,10.6,2.2,1.2,1.7,1.6,4.9,18.7
251,Richard Jefferson\jefferi01,SF,37,DEN,20,0,163,2.7,6.0,.444,0.4,1.5,.286,2.2,4.4,.500,0.9,1.5,.571,0.4,3.3,3.8,3.3,0.4,0.2,1.1,2.4,6.6
252,Brandon Jennings\jennibr01,PG,28,MIL,14,0,205,4.7,12.6,.375,1.6,5.8,.273,3.2,6.8,.462,1.8,1.8,1.000,0.9,4.6,5.4,7.7,1.1,0.7,3.2,1.9,12.8
253,Jonas Jerebko\jerebjo01,PF,30,UTA,74,19,1134,5.0,10.8,.466,2.1,5.0,.414,3.0,5.8,.511,1.5,1.8,.807,1.7,6.1,7.8,1.3,0.8,0.4,0.9,4.0,13.6
254,Amir Johnson\johnsam01,C,30,PHI,74,18,1171,4.3,8.0,.538,0.3,1.0,.313,4.0,7.0,.570,1.6,2.6,.612,3.8,6.4,10.1,3.6,1.4,1.4,1.7,5.9,10.5
255,Brice Johnson\johnsbr02,PF,23,TOT,18,0,98,7.3,15.4,.476,0.0,0.4,.000,7.3,15.1,.488,1.1,1.8,.600,3.3,8.1,11.4,0.7,3.3,2.2,1.8,4.8,15.8
255,Brice Johnson\johnsbr02,PF,23,LAC,9,0,38,6.6,10.4,.636,0.0,0.9,.000,6.6,9.5,.700,1.9,1.9,1.000,1.9,10.4,12.3,0.9,5.7,1.9,3.8,6.6,15.2
255,Brice Johnson\johnsbr02,PF,23,MEM,9,0,60,7.8,18.6,.419,0.0,0.0,,7.8,18.6,.419,0.6,1.8,.333,4.2,6.6,10.8,0.6,1.8,2.4,0.6,3.6,16.2
256,Dakari Johnson\johnsda04,C,22,OKC,31,6,161,4.9,8.7,.564,0.0,0.0,,4.9,8.7,.564,2.5,4.5,.550,3.6,4.0,7.6,1.8,1.3,1.8,0.7,6.0,12.3
257,James Johnson\johnsja01,PF,30,MIA,73,41,1943,5.7,11.4,.503,1.1,3.4,.308,4.7,7.9,.587,2.1,3.0,.698,1.1,5.5,6.6,5.2,1.3,0.9,2.6,3.6,14.6
258,Joe Johnson\johnsjo02,SF,36,TOT,55,4,1205,4.4,10.8,.406,1.2,4.3,.276,3.2,6.4,.493,1.2,1.3,.889,0.4,4.7,5.1,2.5,0.5,0.2,1.5,2.0,11.1
258,Joe Johnson\johnsjo02,SF,36,UTA,32,3,700,4.9,11.6,.420,1.2,4.3,.274,3.7,7.3,.507,1.0,1.2,.833,0.6,4.9,5.5,2.3,0.6,0.3,1.6,1.6,12.0
258,Joe Johnson\johnsjo02,SF,36,HOU,23,1,505,3.6,9.6,.381,1.2,4.3,.279,2.4,5.2,.466,1.4,1.5,.952,0.1,4.5,4.6,2.7,0.4,0.1,1.3,2.5,9.9
259,Omari Johnson\johnsom01,PF,28,MEM,4,0,75,4.3,10.1,.429,1.9,5.8,.333,2.4,4.3,.556,0.0,0.0,,1.9,3.4,5.3,3.4,1.0,0.0,1.4,2.9,10.6
260,Stanley Johnson\johnsst04,SF,21,DET,69,50,1894,4.0,10.6,.375,1.3,4.4,.286,2.7,6.2,.439,2.1,2.8,.772,0.6,4.2,4.8,2.1,1.8,0.3,1.5,3.2,11.4
261,Tyler Johnson\johnsty01,PG,25,MIA,72,39,2052,5.4,12.5,.435,2.1,5.7,.367,3.3,6.8,.491,1.9,2.3,.822,0.6,3.8,4.4,2.9,1.1,0.6,1.4,2.6,14.8
262,Wesley Johnson\johnswe01,SF,30,LAC,74,40,1486,3.6,8.9,.408,1.5,4.3,.339,2.2,4.6,.471,1.0,1.4,.741,0.7,4.5,5.2,1.5,1.8,1.5,1.3,3.5,9.8
263,Nikola Jokic\jokicni01,C,22,DEN,75,73,2443,7.4,14.9,.499,1.6,4.1,.396,5.8,10.8,.538,3.9,4.6,.850,2.9,9.0,11.8,6.7,1.3,0.9,3.1,3.1,20.4
264,Damian Jones\jonesda03,C,22,GSW,15,0,89,4.4,8.9,.500,0.0,0.0,,4.4,8.9,.500,1.2,2.0,.600,2.0,3.6,5.7,0.8,0.4,1.2,1.6,5.7,10.1
265,Derrick Jones\jonesde02,SF,20,TOT,20,8,245,3.1,7.8,.396,0.4,2.6,.167,2.6,5.1,.514,2.4,3.5,.667,3.1,2.5,5.6,1.3,0.6,1.9,1.0,3.5,9.0
265,Derrick Jones\jonesde02,SF,20,PHO,6,0,33,2.2,4.4,.500,0.0,2.2,.000,2.2,2.2,1.000,5.5,6.5,.833,2.2,2.2,4.4,3.3,1.1,4.4,1.1,2.2,9.8
265,Derrick Jones\jonesde02,SF,20,MIA,14,8,212,3.2,8.3,.388,0.5,2.7,.188,2.7,5.6,.485,1.9,3.1,.611,3.2,2.5,5.8,1.0,0.5,1.5,1.0,3.7,8.8
266,Jalen Jones\jonesja04,SF,24,TOT,16,0,181,5.2,13.5,.382,2.0,5.2,.385,3.2,8.4,.381,2.4,3.8,.632,2.6,5.0,7.6,0.8,1.0,0.2,1.4,4.4,14.7
266,Jalen Jones\jonesja04,SF,24,NOP,4,0,19,1.9,7.6,.250,1.9,1.9,1.000,0.0,5.7,.000,3.8,3.8,1.000,0.0,5.7,5.7,0.0,0.0,0.0,0.0,3.8,9.5
266,Jalen Jones\jonesja04,SF,24,DAL,12,0,162,5.6,14.2,.391,2.0,5.6,.360,3.6,8.7,.410,2.2,3.8,.588,2.9,4.9,7.8,0.9,1.1,0.2,1.6,4.4,15.3
267,Tyus Jones\jonesty01,PG,21,MIN,82,11,1467,3.7,8.0,.457,1.1,3.2,.349,2.6,4.9,.528,1.7,2.0,.877,0.4,2.8,3.2,5.7,2.3,0.1,1.4,2.7,10.2
268,DeAndre Jordan\jordade01,C,29,LAC,77,77,2424,5.5,8.6,.645,0.0,0.0,,5.5,8.6,.645,2.7,4.6,.580,4.9,12.5,17.4,1.7,0.6,1.1,2.0,3.0,13.8
269,Cory Joseph\josepco01,PG,26,IND,82,17,2210,4.2,9.8,.424,1.1,3.1,.353,3.1,6.7,.457,1.1,1.5,.745,0.6,3.6,4.3,4.2,1.3,0.3,1.4,2.3,10.6
270,Frank Kaminsky\kaminfr01,PF,24,CHO,79,4,1835,6.0,14.0,.429,2.0,5.4,.380,4.0,8.7,.459,3.0,3.8,.799,0.9,4.7,5.7,2.5,0.7,0.4,1.3,1.9,17.1
271,Enes Kanter\kanteen01,C,25,NYK,71,71,1830,8.3,14.0,.592,0.0,0.0,.000,8.3,14.0,.594,3.1,3.6,.848,5.4,10.0,15.3,2.1,0.7,0.7,2.4,3.7,19.7
272,Luke Kennard\kennalu01,SG,21,DET,73,9,1463,5.1,11.4,.443,2.0,4.8,.415,3.1,6.6,.463,1.6,1.9,.855,0.5,3.8,4.3,3.1,1.1,0.3,1.7,2.1,13.7
273,Michael Kidd-Gilchrist\kiddgmi01,SF,24,CHO,74,74,1850,5.5,10.9,.504,0.0,0.0,.000,5.5,10.9,.505,2.3,3.3,.684,1.6,4.2,5.9,1.4,1.0,0.6,1.0,2.8,13.3
274,Sean Kilpatrick\kilpase01,SG,28,TOT,52,1,640,6.2,16.5,.374,2.6,8.1,.319,3.6,8.4,.427,3.6,4.1,.889,0.3,4.6,4.9,2.6,0.7,0.3,2.1,1.9,18.6
274,Sean Kilpatrick\kilpase01,SG,28,BRK,16,0,183,4.9,17.1,.287,2.2,8.5,.256,2.8,8.7,.318,3.5,3.7,.947,0.2,6.7,6.9,3.0,0.4,0.2,3.1,1.6,15.5
274,Sean Kilpatrick\kilpase01,SG,28,MIL,23,0,205,5.4,14.4,.378,2.3,8.1,.283,3.2,6.3,.500,3.2,3.3,.947,0.2,4.2,4.4,2.6,0.9,0.2,1.6,2.6,16.3
274,Sean Kilpatrick\kilpase01,SG,28,LAC,4,0,38,6.6,17.1,.389,2.8,6.6,.429,3.8,10.4,.364,1.9,1.9,1.000,0.0,1.9,1.9,2.8,0.0,0.0,0.9,1.9,18.0
274,Sean Kilpatrick\kilpase01,SG,28,CHI,9,1,214,7.9,18.0,.439,3.2,8.1,.396,4.7,9.9,.475,4.4,5.4,.813,0.5,3.7,4.2,2.2,1.0,0.5,2.0,1.3,23.4
275,Maxi Kleber\klebima01,PF,26,DAL,72,36,1206,4.5,9.2,.489,1.2,3.8,.313,3.3,5.4,.613,1.3,1.8,.746,2.1,4.9,7.0,1.5,0.8,1.4,0.9,3.4,11.5
276,Furkan Korkmaz\korkmfu01,SG,20,PHI,14,0,80,3.6,12.6,.286,2.3,7.7,.294,1.4,5.0,.273,0.9,1.8,.500,0.9,4.1,5.0,1.8,0.9,0.5,0.9,5.4,10.4
277,Luke Kornet\kornelu01,PF,22,NYK,20,1,326,5.4,13.8,.392,3.1,8.7,.354,2.3,5.1,.457,0.9,1.2,.727,1.2,5.9,7.1,2.9,0.7,1.8,1.3,3.1,14.8
278,Kyle Korver\korveky01,SG,36,CLE,73,4,1574,5.1,11.1,.459,3.8,8.6,.436,1.3,2.5,.537,1.5,1.6,.889,0.2,3.6,3.8,2.0,0.7,0.6,1.3,3.0,15.4
279,Kosta Koufos\koufoko01,C,28,SAC,71,13,1391,5.7,10.1,.571,0.0,0.0,,5.7,10.1,.571,0.9,1.9,.446,3.9,8.4,12.2,2.3,1.2,0.8,1.3,3.8,12.3
280,Kyle Kuzma\kuzmaky01,PF,22,LAL,77,37,2401,7.0,15.6,.450,2.4,6.5,.366,4.6,9.1,.511,2.2,3.1,.707,1.3,5.9,7.2,2.1,0.7,0.5,2.1,2.4,18.6
281,Mindaugas Kuzminskas\kuzmimi01,SF,28,NYK,1,0,2,0.0,36.0,.000,0.0,0.0,,0.0,36.0,.000,0.0,0.0,,0.0,0.0,0.0,0.0,0.0,0.0,0.0,0.0,0.0
282,Skal Labissiere\labissk01,PF,21,SAC,60,28,1240,6.0,13.3,.448,0.5,1.5,.353,5.4,11.8,.459,2.8,3.4,.805,2.9,5.5,8.4,2.1,0.7,1.4,2.1,3.8,15.2
283,Jeremy Lamb\lambje01,SG,25,CHO,80,18,1967,7.0,15.2,.457,1.7,4.6,.370,5.2,10.6,.495,3.3,3.8,.861,0.9,5.0,5.9,3.4,1.1,0.6,1.7,2.5,18.9
284,Shane Larkin\larkish01,PG,25,BOS,54,2,775,3.9,10.2,.384,1.4,4.0,.360,2.5,6.2,.398,1.5,1.7,.865,0.7,3.6,4.3,4.6,1.3,0.1,1.5,2.7,10.7
285,Joffrey Lauvergne\lauvejo01,C,26,SAS,55,1,534,6.6,12.8,.516,0.0,0.3,.000,6.6,12.5,.530,2.0,3.2,.638,4.2,7.3,11.5,2.8,0.6,0.2,2.2,3.0,15.2
286,Zach LaVine\lavinza01,SG,22,CHI,24,24,656,7.5,19.5,.383,2.3,6.8,.341,5.2,12.7,.405,4.8,5.9,.813,0.5,4.7,5.2,4.0,1.3,0.2,2.4,3.0,22.0
287,Jake Layman\laymaja01,SF,23,POR,35,1,160,3.2,10.6,.298,0.9,4.5,.200,2.3,6.1,.370,0.5,0.7,.667,0.9,2.7,3.6,2.5,1.4,0.9,1.1,2.9,7.7
288,T.J. Leaf\leaftj01,PF,20,IND,53,0,459,5.0,10.7,.471,1.4,3.3,.429,3.6,7.4,.489,0.8,1.3,.625,2.3,4.2,6.4,0.7,0.4,0.3,0.8,3.5,12.2
289,Courtney Lee\leeco01,SG,32,NYK,76,69,2310,5.3,11.8,.454,1.8,4.3,.406,3.6,7.4,.482,1.8,1.9,.919,0.5,3.0,3.5,2.8,1.2,0.3,1.3,1.7,14.2
290,Damion Lee\leeda03,SG,25,ATL,15,11,404,5.5,13.5,.408,1.3,5.3,.250,4.2,8.2,.511,2.0,2.6,.759,1.0,5.3,6.3,2.6,1.7,0.1,1.2,2.2,14.3
291,Walt Lemon Jr.\lemonwa01,PG,25,NOP,5,0,35,7.2,16.5,.438,1.0,1.0,1.000,6.2,15.4,.400,2.1,3.1,.667,0.0,2.1,2.1,5.1,0.0,1.0,4.1,5.1,17.5
292,Alex Len\lenal01,C,24,PHO,69,13,1395,5.5,9.8,.566,0.0,0.1,.333,5.5,9.7,.568,4.1,6.0,.684,4.5,8.9,13.4,2.1,0.7,1.6,2.0,4.1,15.1
293,Kawhi Leonard\leonaka01,SF,26,SAS,9,9,210,8.9,19.0,.468,1.9,6.0,.314,7.0,13.0,.539,5.3,6.5,.816,1.0,6.2,7.2,3.6,3.1,1.5,2.7,1.5,25.0
294,Meyers Leonard\leoname01,C,25,POR,33,2,254,6.5,11.1,.590,1.6,3.7,.423,5.0,7.4,.673,1.3,1.6,.818,1.7,8.2,9.9,2.4,1.0,0.0,1.4,5.1,15.9
295,Jon Leuer\leuerjo01,PF,28,DET,8,0,136,4.0,9.5,.417,0.0,0.8,.000,4.0,8.7,.455,3.4,4.0,.867,1.9,6.6,8.5,1.3,0.3,0.8,1.9,4.2,11.4
296,Caris LeVert\leverca01,SF,23,BRK,71,10,1864,6.2,14.2,.435,1.6,4.7,.347,4.5,9.5,.480,2.6,3.6,.711,1.0,4.0,5.0,5.8,1.6,0.4,3.0,3.1,16.6
297,DeAndre Liggins\liggide01,SG,29,TOT,58,4,724,2.0,5.3,.377,0.9,2.6,.358,1.0,2.6,.396,0.1,0.2,.400,0.3,3.4,3.7,2.4,1.8,0.7,1.0,4.0,5.0
297,DeAndre Liggins\liggide01,SG,29,MIL,31,1,480,1.6,4.9,.338,0.8,2.7,.306,0.8,2.2,.379,0.1,0.4,.400,0.4,3.3,3.7,2.0,2.0,0.7,1.0,4.6,4.3
297,DeAndre Liggins\liggide01,SG,29,NOP,27,3,244,2.7,6.0,.439,1.2,2.5,.471,1.5,3.5,.417,0.0,0.0,,0.3,3.5,3.8,3.1,1.5,0.6,1.0,3.0,6.5
298,Damian Lillard\lillada01,PG,27,POR,73,73,2670,8.4,19.1,.439,3.1,8.5,.361,5.3,10.6,.501,6.6,7.3,.916,0.8,3.5,4.4,6.5,1.0,0.4,2.8,1.6,26.5
299,Jeremy Lin\linje01,PG,29,BRK,1,1,25,7.2,17.3,.417,1.4,2.9,.500,5.8,14.4,.400,10.1,10.1,1.000,0.0,0.0,0.0,5.8,0.0,0.0,4.3,4.3,25.9
300,Shaun Livingston\livinsh01,PG,32,GSW,71,7,1129,5.5,10.9,.501,0.0,0.2,.000,5.5,10.8,.509,1.6,1.9,.820,1.0,3.2,4.2,4.5,1.1,0.7,1.8,3.7,12.6
301,Kevon Looney\looneke01,C,21,GSW,66,4,910,4.4,7.6,.580,0.0,0.2,.200,4.4,7.4,.590,1.7,3.0,.545,3.3,5.2,8.5,1.7,1.3,2.2,1.2,4.2,10.6
302,Brook Lopez\lopezbr01,C,29,LAL,74,72,1735,7.7,16.5,.465,2.3,6.7,.345,5.3,9.7,.549,2.3,3.3,.703,1.5,4.6,6.1,2.6,0.6,2.0,2.0,4.0,19.9
303,Robin Lopez\lopezro01,C,29,CHI,64,64,1690,7.3,13.7,.530,0.1,0.3,.286,7.2,13.4,.536,1.4,1.9,.756,2.9,3.3,6.2,2.6,0.3,1.1,2.3,2.3,16.1
304,Kevin Love\loveke01,C,29,CLE,59,59,1651,7.3,15.9,.458,3.0,7.2,.415,4.3,8.7,.494,5.1,5.8,.880,2.2,9.7,11.9,2.2,0.9,0.5,2.0,2.6,22.7
305,Kyle Lowry\lowryky01,PG,31,TOR,78,78,2510,5.8,13.5,.427,3.4,8.5,.399,2.4,5.0,.474,3.2,3.7,.854,0.9,5.3,6.2,7.7,1.2,0.3,2.6,2.8,18.2
306,Timothe Luwawu-Cabarrot\luwawti01,SF,22,PHI,52,7,807,4.5,11.9,.375,2.4,7.0,.335,2.1,4.9,.431,2.1,2.6,.793,0.6,2.6,3.2,2.4,0.5,0.2,1.7,4.3,13.3
307,Tyler Lydon\lydonty01,PF,21,DEN,1,0,2,0.0,0.0,,0.0,0.0,,0.0,0.0,,0.0,0.0,,0.0,0.0,0.0,0.0,0.0,0.0,0.0,0.0,0.0
308,Trey Lyles\lylestr01,PF,22,DEN,73,2,1391,7.0,14.2,.491,2.1,5.6,.381,4.8,8.6,.563,2.6,3.7,.706,1.4,7.6,9.0,2.4,0.8,0.9,1.6,2.9,18.7
309,Shelvin Mack\macksh01,PG,27,ORL,69,3,1365,4.7,10.9,.430,1.3,3.7,.345,3.4,7.3,.473,1.8,2.6,.711,0.6,3.8,4.4,7.2,1.4,0.2,2.3,2.4,12.5
310,Josh Magette\magetjo01,PG,28,ATL,18,0,216,2.5,7.7,.326,1.3,3.7,.364,1.2,4.0,.292,1.3,1.3,1.000,0.3,2.8,3.2,9.5,1.3,0.2,1.5,2.7,7.7
311,Ian Mahinmi\mahinia01,C,31,WAS,77,0,1145,4.3,7.8,.556,0.0,0.1,.000,4.3,7.7,.561,2.8,4.0,.703,4.2,5.6,9.8,1.7,1.2,1.3,3.1,7.2,11.5
312,Thon Maker\makerth01,C,20,MIL,74,12,1238,3.8,9.2,.411,0.9,3.0,.298,2.9,6.2,.467,1.9,2.7,.699,2.2,4.4,6.5,1.3,1.1,1.5,1.3,4.7,10.4
313,Boban Marjanovic\marjabo01,C,29,TOT,39,1,337,8.4,15.8,.534,0.0,0.0,,8.4,15.8,.534,8.2,10.4,.794,5.1,10.3,15.4,2.4,1.1,1.2,3.8,5.4,25.1
313,Boban Marjanovic\marjabo01,C,29,DET,19,1,171,8.6,16.6,.519,0.0,0.0,,8.6,16.6,.519,7.6,9.5,.800,3.2,8.8,12.0,2.9,0.8,1.3,4.6,5.9,24.8
313,Boban Marjanovic\marjabo01,C,29,LAC,20,0,166,8.2,15.0,.551,0.0,0.0,,8.2,15.0,.551,8.9,11.3,.788,7.2,11.7,18.9,1.7,1.3,1.1,3.0,5.0,25.4
314,Lauri Markkanen\markkla01,PF,20,CHI,68,68,2020,6.7,15.4,.434,2.6,7.1,.362,4.1,8.2,.497,2.5,3.0,.843,1.4,7.6,9.1,1.4,0.7,0.7,1.5,1.8,18.4
315,Jarell Martin\martija01,PF,23,MEM,73,36,1661,4.8,10.8,.446,0.7,2.1,.347,4.1,8.6,.470,1.9,2.5,.767,2.1,4.8,6.9,1.6,0.8,1.1,1.9,4.6,12.2
316,Frank Mason\masonfr01,PG,23,SAC,52,2,984,5.3,13.9,.379,1.1,3.1,.360,4.1,10.8,.384,3.4,4.2,.817,1.1,3.7,4.8,5.4,1.2,0.4,2.4,2.6,15.1
317,Mangok Mathiang\mathima01,C,25,CHO,4,0,20,7.2,12.6,.571,0.0,0.0,,7.2,12.6,.571,0.0,1.8,.000,5.4,12.6,18.0,0.0,1.8,0.0,0.0,9.0,14.4
318,Wesley Matthews\matthwe02,SF,31,DAL,63,62,2131,4.8,11.8,.406,2.6,6.8,.381,2.2,5.0,.441,1.4,1.7,.822,0.5,2.9,3.3,2.9,1.3,0.3,1.4,2.4,13.5
319,Luc Mbah a Moute\mbahalu01,PF,31,HOU,61,15,1564,3.8,7.9,.481,1.5,4.0,.364,2.4,4.0,.599,1.5,2.2,.684,0.5,3.8,4.3,1.3,1.7,0.6,1.6,2.3,10.6
320,James Michael McAdoo\mcadoja01,PF,25,PHI,3,0,18,4.0,14.0,.286,4.0,14.0,.286,0.0,0.0,,4.0,4.0,1.000,0.0,4.0,4.0,0.0,0.0,2.0,2.0,2.0,16.0
321,Patrick McCaw\mccawpa01,SG,22,GSW,57,10,961,3.4,8.4,.409,0.7,3.0,.238,2.7,5.4,.503,1.0,1.3,.765,0.6,2.5,3.1,3.0,1.6,0.4,1.5,2.5,8.6
322,CJ McCollum\mccolcj01,SG,26,POR,81,81,2923,8.2,18.5,.443,2.3,5.9,.397,5.9,12.7,.465,2.6,3.1,.836,0.7,3.3,4.0,3.3,0.9,0.4,1.9,2.1,21.3
323,T.J. McConnell\mccontj01,PG,25,PHI,76,1,1706,4.4,8.9,.499,0.6,1.3,.435,3.9,7.6,.510,0.7,0.8,.795,0.8,4.0,4.8,6.4,1.9,0.3,2.4,2.6,10.1
324,Erik McCree\mccreer01,SF,24,UTA,4,0,8,0.0,9.0,.000,0.0,4.5,.000,0.0,4.5,.000,0.0,0.0,,0.0,4.5,4.5,0.0,4.5,0.0,4.5,0.0,0.0
325,Chris McCullough\mcculch01,PF,22,WAS,19,0,90,7.2,16.8,.429,0.4,3.2,.125,6.8,13.6,.500,3.6,5.6,.643,2.8,7.2,10.0,1.6,0.0,2.0,0.8,3.2,18.4
326,Doug McDermott\mcderdo01,SF,26,TOT,81,4,1768,4.8,10.3,.467,1.9,4.4,.426,3.0,5.9,.497,1.3,1.6,.790,0.8,3.3,4.1,1.6,0.4,0.3,1.1,2.5,12.8
326,Doug McDermott\mcderdo01,SF,26,NYK,55,1,1172,4.6,10.1,.460,1.6,4.2,.387,3.0,5.9,.513,1.2,1.6,.755,1.0,3.1,4.1,1.5,0.3,0.4,1.0,2.2,12.1
326,Doug McDermott\mcderdo01,SF,26,DAL,26,3,596,5.2,10.9,.478,2.4,4.8,.494,2.8,6.1,.465,1.4,1.7,.857,0.4,3.6,4.0,1.8,0.5,0.2,1.3,3.0,14.2
327,JaVale McGee\mcgeeja01,C,30,GSW,65,17,615,8.0,12.8,.621,0.0,0.4,.000,8.0,12.5,.638,2.2,3.0,.731,3.5,6.4,9.9,1.9,1.2,3.3,1.6,5.3,18.1
328,Rodney McGruder\mcgruro01,SG,26,MIA,18,2,299,4.3,8.8,.493,1.8,4.2,.429,2.5,4.6,.553,0.5,1.0,.500,1.3,2.5,3.9,2.0,1.0,0.4,0.5,2.5,11.0
329,Trey McKinney-Jones\mckintr01,SG,27,IND,1,0,1,0.0,0.0,,0.0,0.0,,0.0,0.0,,0.0,0.0,,0.0,0.0,0.0,0.0,0.0,0.0,0.0,0.0,0.0
330,Alfonzo McKinnie\mckinal01,SF,25,TOR,14,0,53,5.4,10.2,.533,2.0,6.1,.333,3.4,4.1,.833,1.4,2.0,.667,0.7,4.1,4.8,0.7,0.7,0.7,2.0,5.4,14.3
331,Ben McLemore\mclembe01,SG,24,MEM,56,17,1091,5.2,12.3,.421,1.8,5.2,.346,3.4,7.1,.477,1.7,2.1,.828,1.1,3.5,4.6,1.7,1.3,0.5,2.0,4.6,13.9
332,Josh McRoberts\mcrobjo01,PF,30,DAL,2,0,6,0.0,6.0,.000,0.0,6.0,.000,0.0,0.0,,0.0,0.0,,0.0,0.0,0.0,0.0,0.0,0.0,0.0,12.0,0.0
333,Jodie Meeks\meeksjo01,SG,30,WAS,77,0,1119,5.1,12.6,.399,2.3,6.8,.343,2.7,5.9,.464,3.2,3.8,.863,0.5,3.6,4.1,2.3,0.9,0.1,1.2,1.8,15.7
334,Salah Mejri\mejrisa01,C,31,DAL,61,1,729,4.3,6.8,.642,0.0,0.1,.000,4.3,6.6,.657,1.9,3.3,.576,4.2,8.0,12.1,1.7,1.1,3.3,1.9,6.0,10.6
335,Jordan Mickey\mickejo01,PF,23,MIA,23,3,284,4.9,10.4,.476,0.3,2.0,.125,4.7,8.4,.561,1.6,2.4,.684,2.3,8.1,10.3,1.1,0.8,1.3,2.3,4.6,11.8
336,Khris Middleton\middlkh01,SF,26,MIL,82,82,2982,7.2,15.4,.466,1.8,4.9,.359,5.4,10.4,.517,3.9,4.4,.884,0.5,4.6,5.2,4.0,1.4,0.3,2.3,3.3,19.9
337,C.J. Miles\milescj01,SF,30,TOR,70,3,1337,6.1,16.1,.379,4.4,12.2,.361,1.7,3.9,.434,2.2,2.6,.835,0.5,3.6,4.1,1.5,1.0,0.6,1.1,3.6,18.8
338,Darius Miller\milleda01,SF,27,NOP,82,3,1944,4.0,9.0,.444,2.7,6.6,.411,1.3,2.4,.535,1.1,1.2,.866,0.3,2.7,3.0,2.1,0.5,0.3,1.1,3.0,11.8
339,Malcolm Miller\millema01,SF,24,TOR,15,4,126,3.7,8.0,.464,2.3,6.0,.381,1.4,2.0,.714,1.1,1.1,1.000,1.1,3.1,4.3,0.9,0.3,0.6,1.4,2.9,10.9
340,Patty Mills\millspa02,PG,29,SAS,82,36,2107,4.8,11.7,.411,2.6,7.1,.372,2.2,4.6,.470,1.8,2.0,.890,0.4,2.2,2.6,3.9,0.9,0.2,1.8,2.2,14.0
341,Paul Millsap\millspa01,PF,32,DEN,38,37,1143,6.4,13.7,.464,1.2,3.6,.345,5.1,10.1,.506,3.5,5.1,.696,2.0,5.7,7.7,3.3,1.2,1.4,2.3,3.1,17.5
342,Nikola Mirotic\mirotni01,PF,26,TOT,55,14,1494,7.4,16.5,.447,3.3,8.6,.377,4.1,7.9,.525,2.7,3.3,.818,1.4,8.3,9.8,1.9,1.1,0.9,1.5,2.6,20.7
342,Nikola Mirotic\mirotni01,PF,26,CHI,25,3,622,8.3,17.5,.474,4.0,9.3,.429,4.3,8.2,.525,3.8,4.6,.823,1.0,8.2,9.2,2.3,0.9,0.8,1.8,2.6,24.3
342,Nikola Mirotic\mirotni01,PF,26,NOP,30,11,872,6.7,15.8,.427,2.7,8.1,.335,4.0,7.6,.524,1.9,2.4,.810,1.7,8.5,10.2,1.7,1.2,1.1,1.3,2.6,18.1
343,Donovan Mitchell\mitchdo01,SG,21,UTA,79,71,2638,8.1,18.6,.437,2.6,7.5,.340,5.6,11.1,.502,3.3,4.1,.805,0.7,3.3,4.0,4.0,1.6,0.4,2.9,2.9,22.1
344,Naz Mitrou-Long\mitrona01,SG,24,UTA,1,0,1,36.0,36.0,1.000,36.0,36.0,1.000,0.0,0.0,,0.0,0.0,,0.0,0.0,0.0,0.0,0.0,0.0,0.0,0.0,108.0
345,Malik Monk\monkma01,SG,19,CHO,63,0,854,6.4,17.9,.360,3.5,10.2,.342,3.0,7.7,.385,1.3,1.6,.842,0.3,2.4,2.8,3.8,0.8,0.4,2.1,2.5,17.7
346,Greg Monroe\monrogr01,C,27,TOT,51,14,1040,7.5,13.4,.565,0.0,0.0,,7.5,13.4,.565,3.0,4.1,.739,3.8,8.3,12.1,3.9,1.5,0.8,3.3,3.3,18.1
346,Greg Monroe\monrogr01,C,27,MIL,5,0,79,7.3,15.0,.485,0.0,0.0,,7.3,15.0,.485,0.9,1.8,.500,2.7,8.7,11.4,2.3,0.0,0.0,2.7,3.2,15.5
346,Greg Monroe\monrogr01,C,27,PHO,20,14,465,7.5,12.0,.626,0.0,0.0,,7.5,12.0,.626,2.4,3.6,.674,3.9,8.5,12.4,3.9,1.2,0.5,3.1,3.1,17.4
346,Greg Monroe\monrogr01,C,27,BOS,26,0,496,7.6,14.4,.530,0.0,0.0,,7.6,14.4,.530,4.0,5.0,.797,3.8,8.1,12.0,4.3,2.0,1.2,3.5,3.5,19.2
347,Luis Montero\montelu01,SG,24,DET,2,0,8,0.0,4.5,.000,0.0,0.0,,0.0,4.5,.000,0.0,0.0,,0.0,9.0,9.0,0.0,0.0,0.0,9.0,0.0,0.0
348,Ben Moore\moorebe01,PF,22,IND,2,0,9,0.0,0.0,,0.0,0.0,,0.0,0.0,,0.0,0.0,,0.0,4.0,4.0,4.0,0.0,0.0,0.0,16.0,0.0
349,E'Twaun Moore\mooreet01,SG,28,NOP,82,80,2586,5.9,11.6,.508,1.8,4.2,.425,4.1,7.4,.556,0.7,0.9,.706,0.8,2.5,3.3,2.6,1.1,0.2,1.4,2.5,14.2
350,Eric Moreland\moreler01,PF,26,DET,67,3,805,3.0,5.5,.541,0.0,0.0,,3.0,5.5,.541,0.5,1.3,.379,3.6,8.8,12.4,3.5,1.4,2.3,1.9,5.2,6.4
351,Jaylen Morris\morrija01,SG,22,ATL,6,0,98,4.8,11.8,.406,0.7,3.7,.200,4.0,8.1,.500,0.0,0.0,,0.7,5.1,5.9,2.6,0.7,0.4,2.2,0.7,10.3
352,Marcus Morris\morrima03,PF,28,BOS,54,21,1447,6.5,15.2,.429,2.1,5.8,.368,4.4,9.4,.467,3.1,3.8,.805,1.1,6.1,7.2,1.8,0.9,0.3,1.6,2.5,18.3
353,Markieff Morris\morrima02,PF,28,WAS,73,73,1968,6.0,12.6,.480,1.4,3.8,.367,4.6,8.8,.529,1.9,2.3,.820,1.4,6.1,7.5,2.6,1.0,0.7,2.3,4.0,15.4
354,Monte Morris\morrimo01,PG,22,DEN,3,0,25,5.8,8.6,.667,0.0,1.4,.000,5.8,7.2,.800,2.9,2.9,1.000,0.0,2.9,2.9,10.1,4.3,0.0,1.4,1.4,14.4
355,Johnathan Motley\motlejo01,PF,22,DAL,11,4,176,8.2,15.3,.533,0.2,1.2,.167,8.0,14.1,.565,3.1,5.7,.536,2.9,7.2,10.0,1.4,0.6,0.4,1.8,3.7,19.6
356,Timofey Mozgov\mozgoti01,C,31,BRK,31,13,359,5.2,9.3,.559,0.4,1.8,.222,4.8,7.5,.640,2.3,3.0,.767,3.2,6.6,9.8,1.1,0.5,1.3,3.3,3.9,13.1
357,Emmanuel Mudiay\mudiaem01,PG,21,TOT,64,14,1245,5.9,15.2,.388,1.4,4.3,.318,4.5,10.9,.415,2.8,3.7,.760,0.8,3.6,4.4,6.0,1.2,0.3,3.3,2.3,16.0
357,Emmanuel Mudiay\mudiaem01,PG,21,DEN,42,0,752,6.2,15.4,.401,1.8,4.9,.373,4.4,10.5,.414,3.0,3.7,.808,0.8,3.7,4.5,5.8,1.0,0.2,3.4,2.3,17.2
357,Emmanuel Mudiay\mudiaem01,PG,21,NYK,22,14,493,5.5,14.9,.368,0.7,3.4,.196,4.8,11.5,.418,2.6,3.7,.686,0.7,3.5,4.2,6.2,1.5,0.5,3.0,2.4,14.2
358,Shabazz Muhammad\muhamsh01,SF-SG,25,TOT,43,2,418,7.2,16.2,.447,0.6,2.3,.259,6.6,13.9,.478,3.4,4.3,.780,2.0,4.6,6.5,1.2,0.8,0.3,0.5,2.6,18.4
358,Shabazz Muhammad\muhamsh01,SF,25,MIN,32,2,301,5.6,14.5,.388,0.5,2.3,.211,5.1,12.2,.422,2.6,3.7,.710,1.8,3.6,5.4,0.8,0.6,0.2,0.6,2.8,14.4
358,Shabazz Muhammad\muhamsh01,SG,25,MIL,11,0,117,11.4,20.6,.552,0.9,2.5,.375,10.5,18.2,.576,5.2,5.8,.895,2.5,7.1,9.5,2.2,1.2,0.3,0.3,2.2,28.9
359,Xavier Munford\munfoxa02,SG,25,MIL,6,0,21,1.7,10.3,.167,0.0,3.4,.000,1.7,6.9,.250,1.7,3.4,.500,1.7,0.0,1.7,6.9,1.7,0.0,3.4,6.9,5.1
360,Dejounte Murray\murrade01,PG,21,SAS,81,48,1743,5.6,12.6,.443,0.2,0.7,.265,5.4,11.9,.454,2.2,3.1,.709,2.3,7.2,9.5,4.8,2.0,0.6,2.8,3.1,13.5
361,Jamal Murray\murraja01,PG,20,DEN,81,80,2565,6.7,14.9,.451,2.3,6.1,.378,4.4,8.8,.502,3.2,3.6,.905,1.2,3.0,4.2,3.8,1.1,0.4,2.4,2.4,19.0
362,Mike Muscala\muscami01,C,26,ATL,53,7,1060,4.9,10.6,.458,2.1,5.7,.371,2.8,4.9,.559,1.9,2.1,.919,1.9,5.9,7.8,1.7,1.1,0.9,1.4,2.7,13.8
363,Abdel Nader\naderab01,SF,24,BOS,48,1,522,3.4,10.3,.336,1.6,4.5,.354,1.9,5.8,.321,1.6,2.7,.590,0.9,4.0,4.9,1.8,1.0,0.7,2.3,3.1,10.1
364,Larry Nance\nancela02,C,25,TOT,66,27,1421,6.1,10.5,.581,0.1,0.3,.167,6.0,10.2,.594,2.3,3.5,.664,4.1,7.4,11.5,2.1,2.2,1.0,1.3,4.4,14.5
364,Larry Nance\nancela02,C,25,LAL,42,17,922,5.9,9.9,.601,0.0,0.2,.250,5.9,9.7,.606,2.1,3.4,.632,4.2,6.9,11.1,2.2,2.3,0.8,1.6,4.4,14.1
364,Larry Nance\nancela02,C,25,CLE,24,10,499,6.3,11.5,.550,0.1,0.6,.125,6.3,11.0,.572,2.6,3.6,.720,3.8,8.3,12.1,1.8,2.1,1.3,0.7,4.3,15.4
365,Shabazz Napier\napiesh01,PG,26,POR,74,10,1535,5.2,12.5,.420,1.9,5.1,.376,3.3,7.3,.450,2.7,3.2,.841,0.6,3.4,4.0,3.5,1.9,0.3,2.1,2.0,15.1
366,Jameer Nelson\nelsoja01,PG,35,TOT,50,0,1013,3.4,8.7,.389,1.5,4.4,.331,1.9,4.3,.450,0.6,0.7,.800,0.5,3.2,3.7,6.4,1.0,0.1,2.4,2.9,8.8
366,Jameer Nelson\nelsoja01,PG,35,NOP,43,0,897,3.4,8.2,.410,1.6,4.4,.364,1.8,3.8,.463,0.5,0.7,.765,0.4,3.4,3.9,6.3,0.9,0.1,2.2,2.7,8.9
366,Jameer Nelson\nelsoja01,PG,35,DET,7,0,116,3.4,12.1,.282,0.3,4.3,.071,3.1,7.8,.400,0.9,0.9,1.000,0.6,1.9,2.5,7.1,1.2,0.3,3.4,4.3,8.1
367,Raul Neto\netora01,PG,25,UTA,41,0,498,5.0,10.9,.457,1.4,3.4,.404,3.6,7.5,.481,1.9,2.5,.743,0.5,3.0,3.5,5.4,0.9,0.3,2.6,2.7,13.2
368,Georges Niang\niangge01,PF,24,UTA,9,0,32,4.5,12.4,.364,0.0,4.5,.000,4.5,7.9,.571,1.1,2.3,.500,3.4,6.8,10.1,3.4,2.3,0.0,3.4,1.1,10.1
369,Joakim Noah\noahjo01,C,32,NYK,7,0,40,4.5,9.0,.500,0.0,0.0,,4.5,9.0,.500,1.8,3.6,.500,5.4,7.2,12.6,3.6,1.8,1.8,3.6,4.5,10.8
370,Nerlens Noel\noelne01,C,23,DAL,30,6,472,4.2,8.0,.524,0.0,0.1,.000,4.2,7.9,.529,1.6,2.1,.750,3.7,9.2,12.8,1.5,2.4,1.7,2.0,4.5,10.0
371,Lucas Nogueira\noguelu01,C,25,TOR,49,3,418,4.2,6.9,.613,0.4,1.6,.263,3.8,5.3,.721,1.6,2.4,.679,1.6,5.9,7.5,1.9,2.0,3.7,1.4,4.2,10.5
372,Dirk Nowitzki\nowitdi01,C,39,DAL,77,77,1900,6.6,14.4,.456,2.6,6.4,.409,3.9,8.0,.494,1.8,2.0,.898,0.4,7.9,8.3,2.3,0.8,0.9,1.0,2.8,17.6
373,Frank Ntilikina\ntilila01,PG,19,NYK,78,9,1706,3.8,10.6,.364,1.1,3.3,.318,2.8,7.2,.385,1.0,1.4,.721,0.8,3.0,3.7,5.3,1.4,0.4,2.8,3.8,9.8
374,Jusuf Nurkic\nurkiju01,C,23,POR,79,79,2088,8.3,16.4,.505,0.0,0.1,.000,8.3,16.3,.508,3.0,4.7,.630,3.3,8.9,12.2,2.5,1.1,1.9,3.2,4.3,19.5
375,David Nwaba\nwabada01,SG,25,CHI,70,21,1646,4.4,9.3,.478,0.4,1.1,.346,4.0,8.1,.496,2.9,4.4,.655,1.9,5.2,7.1,2.3,1.3,0.6,1.7,3.5,12.1
376,Johnny O'Bryant\obryajo01,PF,24,CHO,36,0,379,6.5,16.2,.398,1.3,4.1,.326,5.1,12.2,.422,2.0,2.4,.840,2.8,6.1,8.8,1.3,0.9,0.6,1.4,4.3,16.2
377,Royce O'Neale\onealro01,SF,24,UTA,69,4,1150,3.8,8.9,.423,1.3,3.7,.356,2.4,5.2,.470,1.9,2.4,.803,0.8,6.6,7.4,3.0,1.1,0.5,1.7,3.3,10.7
378,Kyle O'Quinn\oquinky01,C,27,NYK,77,10,1387,5.8,10.0,.583,0.1,0.4,.235,5.7,9.5,.599,2.5,3.3,.772,3.1,9.1,12.2,4.1,0.9,2.5,2.6,5.0,14.3
379,Semi Ojeleye\ojelese01,PF,23,BOS,73,0,1150,2.0,5.9,.346,1.3,3.9,.320,0.8,2.0,.397,0.8,1.3,.610,1.2,3.9,5.0,0.6,0.7,0.1,0.8,2.8,6.1
380,Emeka Okafor\okafoem01,C,35,NOP,26,19,353,4.9,9.7,.505,0.0,0.0,,4.9,9.7,.505,1.8,2.2,.818,4.8,7.4,12.2,0.8,0.8,2.5,1.3,3.1,11.6
381,Jahlil Okafor\okafoja01,C,22,TOT,28,0,353,7.9,14.1,.558,0.1,0.4,.250,7.8,13.7,.567,2.1,3.0,.724,2.1,6.5,8.7,1.2,0.3,1.8,2.1,5.2,17.9
381,Jahlil Okafor\okafoja01,C,22,PHI,2,0,25,5.8,13.0,.444,0.0,0.0,,5.8,13.0,.444,2.9,5.8,.500,5.8,7.2,13.0,1.4,0.0,2.9,4.3,10.1,14.4
381,Jahlil Okafor\okafoja01,C,22,BRK,26,0,328,8.0,14.2,.566,0.1,0.4,.250,7.9,13.7,.576,2.1,2.7,.760,1.9,6.5,8.3,1.2,0.3,1.8,2.0,4.8,18.2
382,Victor Oladipo\oladivi01,SG,25,IND,75,75,2552,9.0,18.9,.477,2.3,6.1,.371,6.8,12.8,.528,4.1,5.2,.799,0.7,4.8,5.5,4.6,2.5,0.8,3.1,2.5,24.5
383,Kelly Olynyk\olynyke01,PF,26,MIA,76,22,1779,6.4,12.9,.497,2.1,5.7,.379,4.2,7.2,.590,2.7,3.5,.770,1.8,6.9,8.7,4.2,1.3,0.7,3.0,4.5,17.6
384,Chinanu Onuaku\onuakch01,C,21,HOU,1,0,22,3.3,8.2,.400,0.0,0.0,,3.3,8.2,.400,0.0,0.0,,1.6,4.9,6.5,1.6,0.0,0.0,4.9,6.5,6.5
385,Cedi Osman\osmande01,SF,22,CLE,61,12,672,4.8,10.0,.484,1.7,4.7,.368,3.1,5.3,.586,1.4,2.5,.565,1.0,5.4,6.4,2.2,1.2,0.2,1.7,4.2,12.7
386,Kelly Oubre\oubreke01,SF,22,WAS,81,11,2231,5.1,12.7,.403,2.0,6.0,.341,3.1,6.8,.456,3.1,3.8,.820,1.0,4.9,5.9,1.6,1.3,0.6,1.5,3.8,15.4
387,Zaza Pachulia\pachuza01,C,33,GSW,69,57,972,5.5,9.8,.564,0.0,0.0,.000,5.5,9.7,.567,2.8,3.4,.806,3.3,8.6,11.9,4.0,1.4,0.6,2.7,4.5,13.8
388,Marcus Paige\paigema01,PG,24,CHO,5,0,28,5.1,18.0,.286,2.6,10.3,.250,2.6,7.7,.333,2.6,2.6,1.000,0.0,5.1,5.1,3.9,0.0,0.0,0.0,0.0,15.4
389,Georgios Papagiannis\papagge01,C,20,TOT,17,0,122,5.3,12.4,.429,0.0,0.0,,5.3,12.4,.429,0.0,0.0,,3.8,7.1,10.9,2.7,1.2,1.8,2.4,3.5,10.6
389,Georgios Papagiannis\papagge01,C,20,SAC,16,0,118,5.2,12.5,.415,0.0,0.0,,5.2,12.5,.415,0.0,0.0,,3.7,7.3,11.0,2.7,0.6,1.8,2.4,3.7,10.4
389,Georgios Papagiannis\papagge01,C,20,POR,1,0,4,9.0,9.0,1.000,0.0,0.0,,9.0,9.0,1.000,0.0,0.0,,9.0,0.0,9.0,0.0,18.0,0.0,0.0,0.0,18.0
390,Jabari Parker\parkeja01,PF,22,MIL,31,3,743,7.8,16.1,.482,1.5,3.9,.383,6.3,12.2,.514,1.9,2.6,.741,2.0,5.3,7.3,2.9,1.2,0.5,2.2,2.4,18.9
391,Tony Parker\parketo01,PG,35,SAS,55,21,1071,6.0,13.0,.459,0.3,1.2,.270,5.6,11.8,.479,1.8,2.6,.705,0.2,3.0,3.2,6.6,0.9,0.0,2.3,1.7,14.2
392,Chandler Parsons\parsoch01,SF,29,MEM,36,8,691,5.6,12.2,.462,2.7,6.3,.421,3.0,5.9,.504,0.9,1.4,.630,0.7,4.0,4.7,3.6,0.9,0.6,1.8,2.8,14.8
393,Patrick Patterson\pattepa01,PF,28,OKC,82,3,1270,3.0,7.5,.398,1.9,4.8,.386,1.1,2.7,.421,1.1,1.3,.870,0.9,4.6,5.5,1.6,1.4,0.7,0.9,2.5,9.0
394,Justin Patton\pattoju01,C,20,MIN,1,0,4,9.0,18.0,.500,0.0,0.0,,9.0,18.0,.500,0.0,0.0,,0.0,0.0,0.0,0.0,9.0,0.0,0.0,9.0,18.0
395,Brandon Paul\paulbr01,SG,26,SAS,64,2,576,3.4,7.9,.433,0.9,3.4,.278,2.5,4.6,.548,1.4,2.7,.512,0.4,3.9,4.2,2.3,1.6,0.4,1.8,3.6,9.2
396,Chris Paul\paulch01,PG,32,HOU,58,58,1847,7.2,15.6,.460,2.8,7.4,.380,4.3,8.2,.532,4.0,4.3,.919,0.7,5.4,6.1,8.9,1.9,0.3,2.5,2.7,21.1
397,Adreian Payne\paynead01,PF,26,ORL,5,0,43,5.9,8.4,.700,1.7,2.5,.667,4.2,5.9,.714,4.2,5.0,.833,1.7,5.9,7.5,0.0,1.7,0.0,1.7,5.0,17.6
398,Cameron Payne\payneca01,PG,23,CHI,25,14,582,5.4,13.3,.405,2.2,5.6,.385,3.2,7.7,.419,0.7,1.0,.750,1.1,3.2,4.3,7.0,1.6,0.6,2.2,2.7,13.7
399,Elfrid Payton\paytoel01,PG,23,TOT,63,63,1808,6.6,13.3,.493,0.6,1.8,.326,6.0,11.4,.520,2.2,3.3,.649,1.3,4.2,5.5,7.8,1.7,0.4,3.3,2.9,15.9
399,Elfrid Payton\paytoel01,PG,23,ORL,44,44,1257,6.8,13.1,.520,0.7,1.9,.373,6.1,11.2,.545,2.1,3.3,.632,1.3,3.6,5.0,7.9,1.8,0.5,3.3,2.8,16.4
399,Elfrid Payton\paytoel01,PG,23,PHO,19,19,551,5.9,13.7,.435,0.3,1.6,.200,5.6,12.0,.467,2.4,3.5,.685,1.1,5.4,6.5,7.7,1.2,0.4,3.5,3.3,14.6
400,Gary Payton\paytoga02,PG,25,TOT,23,6,221,4.9,12.1,.405,1.0,4.1,.240,3.9,8.0,.490,0.5,1.5,.333,2.1,5.0,7.2,3.4,1.1,0.5,1.1,4.9,11.2
400,Gary Payton\paytoga02,PG,25,MIL,12,6,106,4.4,11.2,.394,0.7,4.1,.167,3.7,7.1,.524,0.7,1.0,.667,1.4,4.4,5.8,3.1,1.0,0.3,1.0,5.8,10.2
400,Gary Payton\paytoga02,PG,25,LAL,11,0,115,5.3,12.8,.415,1.3,4.1,.308,4.1,8.8,.464,0.3,1.9,.167,2.8,5.6,8.5,3.8,1.3,0.6,1.3,4.1,12.2
401,Kendrick Perkins\perkike01,C,33,CLE,1,0,15,2.4,4.8,.500,0.0,0.0,,2.4,4.8,.500,2.4,4.8,.500,0.0,2.4,2.4,4.8,2.4,0.0,2.4,2.4,7.2
402,London Perrantes\perralo01,PG,23,CLE,14,0,66,1.1,7.1,.154,0.0,1.6,.000,1.1,5.5,.200,1.6,2.7,.600,0.5,1.6,2.2,2.7,1.1,0.5,0.5,3.3,3.8
403,Alec Peters\peteral01,PF,22,PHO,20,0,225,4.5,11.8,.378,2.9,9.3,.310,1.6,2.6,.625,1.3,1.6,.800,1.3,4.6,5.9,1.9,0.3,0.3,0.6,2.1,13.1
404,Marshall Plumlee\plumlma02,C,25,MIL,8,0,52,0.7,2.1,.333,0.0,0.0,,0.7,2.1,.333,8.3,11.1,.750,2.8,9.0,11.8,1.4,0.0,0.7,2.1,6.9,9.7
405,Mason Plumlee\plumlma01,C,27,DEN,74,26,1439,5.5,9.2,.601,0.0,0.0,.000,5.5,9.2,.602,2.1,4.5,.458,3.3,6.7,10.0,3.6,1.2,2.0,2.6,4.6,13.1
406,Miles Plumlee\plumlmi01,C,29,ATL,55,35,918,4.1,7.1,.583,0.0,0.0,,4.1,7.1,.583,1.1,2.4,.450,3.0,5.9,8.9,1.8,0.7,1.2,2.5,3.1,9.3
407,Jakob Poeltl\poeltja01,C,22,TOR,82,0,1524,6.0,9.1,.659,0.0,0.0,.500,6.0,9.0,.660,1.4,2.4,.594,3.9,5.4,9.3,1.3,0.9,2.4,2.0,5.0,13.4
408,Quincy Pondexter\pondequ01,SF,29,CHI,23,1,196,2.6,9.0,.286,0.6,4.0,.136,2.0,5.0,.407,2.6,3.1,.824,1.5,3.5,5.0,1.7,1.5,0.4,2.0,4.4,8.3
409,Otto Porter\porteot01,SF,24,WAS,77,77,2432,6.6,13.1,.503,2.0,4.6,.441,4.5,8.5,.537,1.6,1.9,.828,1.5,5.8,7.3,2.3,1.7,0.6,1.1,2.2,16.8
410,Bobby Portis\portibo01,PF,22,CHI,73,4,1643,8.4,17.8,.471,1.8,4.9,.359,6.6,12.9,.514,2.6,3.4,.769,3.5,7.4,10.9,2.7,1.1,0.5,2.3,2.8,21.1
411,Kristaps Porzingis\porzikr01,PF,22,NYK,48,48,1553,9.0,20.6,.439,2.1,5.3,.395,7.0,15.3,.454,5.1,6.4,.793,1.4,5.9,7.3,1.3,0.8,2.7,2.2,3.3,25.2
412,Dwight Powell\poweldw01,C,26,DAL,79,25,1672,5.5,9.3,.593,0.6,1.8,.333,4.9,7.4,.656,2.9,4.0,.719,2.9,6.7,9.6,2.0,1.4,0.7,1.3,4.0,14.4
413,Norman Powell\powelno01,SG,24,TOR,70,18,1062,5.1,12.7,.401,1.8,6.3,.285,3.3,6.4,.516,1.1,1.3,.821,0.5,3.6,4.0,3.0,1.3,0.5,2.2,3.8,13.1
414,Alex Poythress\poythal01,PF,24,IND,25,0,104,3.8,9.0,.423,1.4,3.8,.364,2.4,5.2,.467,0.0,0.0,,2.4,3.5,5.9,0.7,1.0,0.3,0.7,5.5,9.0
415,Jacob Pullen\pulleja01,PG,28,PHI,3,0,6,6.0,12.0,.500,0.0,6.0,.000,6.0,6.0,1.000,0.0,0.0,,0.0,0.0,0.0,0.0,0.0,0.0,6.0,0.0,12.0
416,Rodney Purvis\purviro01,SG,23,ORL,16,2,290,4.3,13.3,.327,1.6,6.5,.250,2.7,6.8,.400,1.6,1.9,.867,0.1,3.2,3.4,2.1,0.4,0.4,1.2,3.2,11.9
417,Zhou Qi\qizh01,C,22,HOU,18,0,124,1.7,9.3,.188,0.6,5.5,.105,1.2,3.8,.308,2.3,3.5,.667,1.7,4.6,6.4,0.6,0.6,4.1,2.9,4.1,6.4
418,Tim Quarterman\quartti01,SG,23,HOU,3,0,13,2.8,8.3,.333,0.0,5.5,.000,2.8,2.8,1.000,5.5,5.5,1.000,0.0,8.3,8.3,2.8,0.0,0.0,5.5,2.8,11.1
419,Ivan Rabb\rabbiv01,PF,20,MEM,36,5,516,6.0,10.6,.566,0.0,0.0,,6.0,10.6,.566,2.0,2.5,.806,3.7,7.3,11.0,2.2,0.8,0.9,2.4,3.8,14.0
420,Julius Randle\randlju01,C,23,LAL,82,49,2190,8.3,14.9,.558,0.2,0.7,.222,8.1,14.1,.575,5.0,7.0,.718,3.0,7.8,10.8,3.5,0.7,0.7,3.5,4.5,21.7
421,Zach Randolph\randoza01,PF,36,SAC,59,57,1508,8.6,18.2,.473,1.2,3.5,.347,7.4,14.7,.503,2.0,2.6,.785,2.3,7.2,9.5,3.0,1.0,0.2,2.8,2.8,20.5
422,Xavier Rathan-Mayes\rathaxa01,SG,23,MEM,5,0,118,3.7,12.8,.286,0.3,4.3,.071,3.4,8.5,.393,1.2,2.7,.444,0.0,1.5,1.5,5.5,1.8,0.9,3.4,5.5,8.8
423,J.J. Redick\redicjj01,SG,33,PHI,70,70,2116,6.9,15.0,.460,3.3,7.8,.420,3.6,7.1,.504,3.4,3.7,.904,0.2,2.9,3.0,3.6,0.6,0.1,1.8,2.1,20.4
424,Davon Reed\reedda01,SG,22,PHO,21,1,242,3.3,11.3,.289,1.6,5.7,.289,1.6,5.7,.289,1.2,1.8,.667,0.3,5.5,5.8,1.9,1.5,0.3,1.5,2.5,9.4
425,Willie Reed\reedwi02,C,27,TOT,42,5,428,6.8,10.2,.669,0.1,0.2,.500,6.7,10.0,.672,2.7,4.6,.582,2.9,7.2,10.2,0.8,0.8,1.9,1.6,4.7,16.4
425,Willie Reed\reedwi02,C,27,LAC,39,5,419,6.9,10.3,.667,0.1,0.2,.500,6.8,10.1,.669,2.7,4.7,.582,3.0,7.3,10.3,0.8,0.8,1.9,1.6,4.6,16.6
425,Willie Reed\reedwi02,C,27,DET,3,0,9,4.0,4.0,1.000,0.0,0.0,,4.0,4.0,1.000,0.0,0.0,,0.0,4.0,4.0,4.0,0.0,0.0,0.0,12.0,8.0
426,Josh Richardson\richajo01,SF,24,MIA,81,81,2689,5.3,11.8,.451,1.7,4.5,.378,3.6,7.3,.495,1.6,1.9,.845,0.9,2.9,3.8,3.1,1.6,1.0,1.9,2.7,14.0
427,Malachi Richardson\richama01,SG,22,TOT,26,4,324,3.3,10.0,.333,1.3,4.4,.300,2.0,5.6,.360,1.9,2.4,.773,0.6,3.2,3.8,1.4,1.1,0.1,1.1,3.0,9.9
427,Malachi Richardson\richama01,SG,22,SAC,25,4,319,3.3,9.9,.330,1.4,4.4,.308,1.9,5.5,.347,1.9,2.5,.773,0.6,3.2,3.7,1.5,1.1,0.1,1.1,3.0,9.8
427,Malachi Richardson\richama01,SG,22,TOR,1,0,5,7.2,14.4,.500,0.0,7.2,.000,7.2,7.2,1.000,0.0,0.0,,0.0,7.2,7.2,0.0,0.0,0.0,0.0,0.0,14.4
428,Austin Rivers\riverau01,SG,25,LAC,61,59,2057,6.0,14.1,.424,2.4,6.3,.378,3.6,7.8,.461,1.8,2.8,.642,0.5,2.1,2.5,4.2,1.3,0.3,1.9,2.7,16.1
429,Andre Roberson\roberan03,SG,26,OKC,39,39,1037,3.0,5.6,.537,0.3,1.2,.222,2.7,4.4,.627,0.4,1.3,.316,2.6,3.8,6.4,1.6,1.6,1.2,1.0,3.1,6.7
430,Devin Robinson\robinde01,SF,22,WAS,1,0,13,2.8,8.3,.333,0.0,0.0,,2.8,8.3,.333,0.0,0.0,,5.5,8.3,13.8,0.0,2.8,0.0,0.0,5.5,5.5
431,Glenn Robinson\robingl02,SF,24,IND,23,1,338,3.8,9.1,.424,1.5,3.6,.412,2.3,5.4,.431,1.0,1.2,.818,1.2,2.8,3.9,1.8,1.4,0.1,0.5,1.5,10.1
432,Rajon Rondo\rondora01,PG,31,NOP,65,63,1705,4.9,10.4,.468,1.1,3.2,.333,3.8,7.3,.526,0.5,1.0,.543,0.7,4.9,5.6,11.3,1.5,0.2,3.2,2.5,11.3
433,Derrick Rose\rosede01,PG,29,TOT,25,7,420,6.9,15.9,.435,0.6,2.6,.233,6.3,13.4,.474,3.4,3.9,.870,1.1,1.9,3.0,3.2,0.6,0.3,3.0,1.4,17.9
433,Derrick Rose\rosede01,PG,29,CLE,16,7,308,6.8,15.4,.439,0.7,2.8,.250,6.1,12.6,.481,4.1,4.8,.854,1.2,2.2,3.4,3.0,0.4,0.5,3.3,1.6,18.4
433,Derrick Rose\rosede01,PG,29,MIN,9,0,112,7.4,17.4,.426,0.3,1.9,.167,7.1,15.4,.458,1.6,1.6,1.000,1.0,1.0,1.9,3.5,1.3,0.0,2.3,0.6,16.7
434,Terrence Ross\rosste01,SG,26,ORL,24,20,600,4.6,11.5,.398,1.8,5.6,.323,2.8,5.9,.469,1.6,2.2,.750,0.6,3.8,4.4,2.3,1.6,0.7,1.7,2.7,12.5
435,Terry Rozier\roziete01,PG,23,BOS,80,16,2068,5.5,13.9,.395,2.7,7.0,.381,2.8,6.9,.410,2.0,2.6,.772,1.1,5.4,6.5,4.0,1.4,0.3,1.4,2.1,15.7
436,Ricky Rubio\rubiori01,PG,27,UTA,77,77,2254,5.5,13.2,.418,1.5,4.4,.352,4.0,8.8,.451,3.5,4.1,.866,0.7,4.9,5.6,6.5,1.9,0.2,3.3,3.3,16.1
437,D'Angelo Russell\russeda01,PG,21,BRK,48,35,1234,8.1,19.6,.414,2.6,8.1,.324,5.5,11.5,.477,2.8,3.8,.740,0.9,4.6,5.5,7.3,1.1,0.5,4.3,2.7,21.7
438,Domantas Sabonis\sabondo01,C,21,IND,74,19,1810,6.8,13.1,.514,0.3,0.7,.351,6.5,12.4,.524,3.3,4.5,.750,3.3,8.1,11.4,3.0,0.8,0.6,2.7,4.4,17.1
439,JaKarr Sampson\sampsja02,SF,24,SAC,22,6,344,4.6,8.5,.543,0.5,1.0,.500,4.1,7.4,.549,1.0,1.7,.625,2.2,6.0,8.2,0.9,0.8,2.3,0.8,5.0,10.8
440,Dario Saric\saricda01,PF,23,PHI,78,73,2310,6.3,13.9,.453,2.4,6.2,.393,3.8,7.7,.501,2.8,3.2,.860,2.4,5.7,8.1,3.1,0.8,0.3,2.3,2.5,17.8
441,Tomas Satoransky\satorto01,SG,26,WAS,73,30,1643,4.4,8.4,.523,1.0,2.2,.465,3.4,6.2,.544,1.6,2.1,.781,1.6,3.5,5.1,6.3,1.1,0.3,1.8,2.9,11.5
442,Dennis Schroder\schrode01,PG,24,ATL,67,67,2078,8.7,19.9,.436,1.3,4.5,.290,7.3,15.3,.480,3.9,4.6,.849,0.8,2.8,3.6,7.2,1.2,0.1,3.2,2.5,22.5
443,Mike Scott\scottmi01,PF,29,WAS,76,1,1406,7.1,13.4,.527,1.7,4.2,.405,5.4,9.2,.582,1.3,1.9,.658,1.3,5.0,6.3,2.0,0.6,0.3,2.0,3.8,17.1
444,Thabo Sefolosha\sefolth01,SF,33,UTA,38,6,806,5.3,10.7,.492,1.4,3.8,.381,3.8,7.0,.551,2.0,2.4,.815,1.3,5.9,7.2,1.5,2.3,0.5,1.3,2.6,13.9
445,Wayne Selden\seldewa01,SG,23,MEM,35,9,692,6.0,14.0,.431,2.5,6.3,.402,3.5,7.6,.456,2.3,3.1,.746,0.8,2.1,2.9,3.4,0.9,0.3,2.8,3.1,16.9
446,Ramon Sessions\sessira01,PG,31,TOT,28,3,392,3.9,10.7,.359,0.7,2.4,.308,3.1,8.4,.374,4.0,5.2,.772,0.6,2.9,3.5,7.1,1.3,0.2,2.8,2.7,12.5
446,Ramon Sessions\sessira01,PG,31,NYK,13,3,167,3.7,11.4,.321,0.4,2.4,.182,3.2,9.1,.357,2.6,3.2,.800,0.2,3.7,3.9,5.8,1.5,0.2,3.2,3.0,10.3
446,Ramon Sessions\sessira01,PG,31,WAS,15,0,225,4.0,10.2,.391,1.0,2.4,.400,3.0,7.8,.388,5.1,6.7,.762,0.8,2.4,3.2,8.0,1.1,0.2,2.4,2.4,14.1
447,Iman Shumpert\shumpim01,SG,27,CLE,14,6,276,2.9,7.6,.379,0.9,3.4,.269,2.0,4.2,.469,1.4,2.0,.733,0.9,4.4,5.3,2.2,1.2,0.5,2.1,2.9,8.1
448,Pascal Siakam\siakapa01,PF,23,TOR,81,5,1679,5.4,10.7,.508,0.6,2.8,.220,4.8,7.8,.612,1.2,1.9,.621,1.7,6.1,7.8,3.4,1.3,0.9,1.4,3.6,12.6
449,Xavier Silas\silasxa01,SG,30,BOS,2,0,7,0.0,15.4,.000,0.0,10.3,.000,0.0,5.1,.000,0.0,0.0,,5.1,5.1,10.3,0.0,5.1,0.0,0.0,5.1,0.0
450,Ben Simmons\simmobe01,PG,21,PHI,81,81,2732,7.2,13.2,.545,0.0,0.1,.000,7.2,13.0,.551,2.5,4.5,.560,1.9,6.8,8.7,8.7,1.8,0.9,3.7,2.8,16.9
451,Jonathon Simmons\simmojo02,SG,28,ORL,69,50,2029,6.3,13.5,.465,1.2,3.6,.338,5.1,9.9,.512,3.3,4.3,.768,1.1,3.2,4.2,3.0,1.0,0.3,2.6,3.1,17.1
452,Kobi Simmons\simmoko01,PG,20,MEM,32,12,643,4.5,10.6,.423,0.6,2.2,.282,3.9,8.4,.460,1.4,1.4,1.000,0.8,2.0,2.8,3.8,1.0,0.3,2.5,3.4,11.0
453,Kyle Singler\singlky01,SF,29,OKC,12,0,59,4.3,12.8,.333,1.2,3.1,.400,3.1,9.8,.313,4.3,7.9,.538,0.6,5.5,6.1,1.2,0.6,0.0,1.8,2.4,14.0
454,Marcus Smart\smartma01,SG,23,BOS,54,11,1614,4.2,11.5,.367,1.7,5.6,.301,2.5,5.9,.429,2.2,3.0,.729,1.0,3.3,4.2,5.8,1.6,0.5,2.9,3.0,12.3
455,Dennis Smith\smithde03,PG,20,DAL,69,69,2049,7.1,18.0,.395,1.9,6.0,.313,5.2,12.0,.435,2.4,3.4,.694,0.9,3.7,4.6,6.3,1.2,0.3,3.4,2.7,18.4
456,Ish Smith\smithis01,PG,29,DET,82,35,2043,6.9,14.1,.486,0.6,1.8,.347,6.2,12.3,.506,1.4,2.0,.698,0.5,3.5,3.9,6.3,1.1,0.4,1.9,2.5,15.8
457,J.R. Smith\smithjr01,SG,32,CLE,80,61,2244,3.9,9.5,.403,2.3,6.1,.375,1.6,3.4,.453,0.6,0.9,.696,0.5,3.3,3.8,2.3,1.1,0.2,1.3,2.6,10.6
458,Jason Smith\smithja02,C,31,WAS,33,2,285,5.7,14.5,.391,0.5,4.0,.125,5.2,10.5,.494,2.4,2.7,.905,2.3,4.4,6.7,1.8,0.4,1.6,2.0,5.6,14.3
459,Josh Smith\smithjo03,PF,32,NOP,3,0,12,3.0,12.0,.250,0.0,0.0,,3.0,12.0,.250,0.0,0.0,,9.0,3.0,12.0,0.0,0.0,0.0,0.0,9.0,6.0
460,Tony Snell\snellto01,SG,26,MIL,75,59,2053,3.2,7.5,.435,1.9,4.7,.403,1.4,2.8,.490,0.7,0.8,.792,0.2,2.3,2.5,1.7,0.8,0.5,0.6,2.0,9.0
461,Marreese Speights\speigma01,C,30,ORL,52,3,675,7.4,18.6,.395,4.6,12.4,.369,2.8,6.2,.448,2.1,2.9,.727,1.1,6.0,7.1,2.1,0.4,1.2,2.1,5.7,21.4
462,Nik Stauskas\stausni01,SG,24,TOT,41,0,523,4.1,10.6,.390,2.8,6.9,.400,1.4,3.7,.370,1.4,2.0,.724,0.3,4.1,4.4,2.7,0.6,0.3,1.8,1.7,12.5
462,Nik Stauskas\stausni01,SG,24,PHI,6,0,45,0.8,3.2,.250,0.0,0.8,.000,0.8,2.4,.333,1.6,1.6,1.000,0.0,0.8,0.8,0.8,3.2,0.0,3.2,2.4,3.2
462,Nik Stauskas\stausni01,SG,24,BRK,35,0,478,4.4,11.3,.393,3.0,7.5,.404,1.4,3.8,.373,1.4,2.0,.704,0.3,4.4,4.7,2.9,0.4,0.3,1.7,1.6,13.3
463,Lance Stephenson\stephla01,SG,27,IND,82,7,1850,5.9,13.8,.427,1.3,4.5,.289,4.6,9.3,.495,1.6,2.5,.661,1.2,7.0,8.3,4.6,0.9,0.3,2.5,3.4,14.7
464,David Stockton\stockda01,PG,26,UTA,3,0,9,8.0,12.0,.667,8.0,12.0,.667,0.0,0.0,,16.0,16.0,1.000,0.0,0.0,0.0,0.0,0.0,0.0,4.0,12.0,40.0
465,Julyan Stone\stoneju01,SG,29,CHO,23,0,175,1.2,2.7,.462,1.2,2.7,.462,0.0,0.0,,0.2,0.4,.500,0.2,5.8,6.0,5.3,0.8,0.4,1.4,4.3,3.9
466,Edmond Sumner\sumneed01,PG,22,IND,1,0,2,18.0,18.0,1.000,0.0,0.0,,18.0,18.0,1.000,0.0,0.0,,0.0,18.0,18.0,0.0,0.0,0.0,0.0,18.0,36.0
467,Caleb Swanigan\swanica01,PF,20,POR,27,3,189,4.6,11.4,.400,0.2,1.5,.125,4.4,9.9,.442,2.3,3.4,.667,2.9,7.4,10.3,2.7,1.0,0.6,3.4,7.0,11.6
468,Jayson Tatum\tatumja01,SF,19,BOS,80,80,2438,5.9,12.3,.475,1.6,3.6,.434,4.3,8.8,.492,3.1,3.8,.826,0.7,5.2,5.9,1.9,1.2,0.9,1.7,2.5,16.4
469,Isaiah Taylor\taylois01,PG,23,ATL,67,9,1167,5.0,12.0,.418,0.6,2.5,.250,4.4,9.6,.461,3.1,4.3,.702,0.7,2.2,2.9,6.4,1.0,0.3,2.6,3.6,13.7
470,Jeff Teague\teaguje01,PG,29,MIN,70,70,2311,5.5,12.4,.446,1.3,3.6,.368,4.2,8.8,.477,3.1,3.7,.845,0.4,2.9,3.3,7.7,1.6,0.4,2.8,2.7,15.5
471,Marquis Teague\teaguma01,PG,24,MEM,3,0,74,1.9,7.8,.250,0.5,1.9,.250,1.5,5.8,.250,1.0,2.4,.400,0.5,2.4,2.9,6.3,1.9,0.0,1.5,2.4,5.4
472,Mirza Teletovic\teletmi01,PF,32,MIL,10,0,159,5.7,12.9,.439,4.8,10.2,.467,0.9,2.7,.333,0.0,0.0,,0.7,4.5,5.2,2.3,0.9,0.2,1.6,3.2,16.1
473,Garrett Temple\templga01,SG,31,SAC,65,35,1615,4.4,10.6,.418,2.0,5.1,.392,2.5,5.6,.442,1.3,1.7,.769,0.5,2.9,3.4,2.8,1.3,0.6,1.8,3.0,12.2
474,Milos Teodosic\teodomi01,PG,30,LAC,45,36,1134,4.8,11.4,.419,2.8,7.4,.379,2.0,4.1,.492,1.2,1.5,.848,0.5,3.5,4.0,6.6,0.7,0.2,3.1,3.3,13.6
475,Jason Terry\terryja01,SG,40,MIL,51,4,814,2.6,6.8,.383,1.8,5.1,.348,0.8,1.7,.487,0.4,0.4,.889,0.2,1.9,2.1,2.6,1.9,0.6,1.1,2.3,7.3
476,Daniel Theis\theisda01,C,25,BOS,63,3,936,4.8,9.0,.541,0.7,2.2,.310,4.2,6.7,.617,2.3,3.1,.753,3.5,7.1,10.5,2.2,1.2,1.8,2.2,6.0,12.7
477,Isaiah Thomas\thomais02,PG,28,TOT,32,15,862,6.6,17.6,.373,2.3,7.9,.293,4.3,9.7,.438,4.9,5.5,.893,0.7,2.1,2.8,6.4,0.6,0.1,4.0,2.4,20.3
477,Isaiah Thomas\thomais02,PG,28,CLE,15,14,406,6.2,17.2,.361,2.0,7.7,.253,4.3,9.5,.449,5.2,6.0,.868,0.6,2.1,2.7,6.0,0.8,0.2,3.6,2.2,19.6
477,Isaiah Thomas\thomais02,PG,28,LAL,17,1,456,6.9,17.9,.383,2.6,8.0,.327,4.3,9.9,.429,4.6,5.0,.921,0.8,2.1,2.8,6.7,0.5,0.1,4.3,2.6,20.9
478,Lance Thomas\thomala01,PF,29,NYK,73,31,1353,2.7,7.1,.382,1.3,3.3,.403,1.4,3.8,.364,1.2,1.4,.830,1.2,3.5,4.7,1.2,0.8,0.4,1.1,3.6,7.9
479,Klay Thompson\thompkl01,SG,27,GSW,73,73,2506,8.3,16.9,.488,3.3,7.5,.440,5.0,9.5,.526,1.2,1.4,.837,0.4,3.5,4.0,2.7,0.8,0.5,1.8,1.7,21.0
480,Tristan Thompson\thomptr01,C,26,CLE,53,22,1072,4.4,7.9,.562,0.0,0.0,,4.4,7.9,.562,1.4,2.7,.544,4.2,7.6,11.8,1.1,0.5,0.6,1.2,3.4,10.3
481,Sindarius Thornwell\thornsi01,SG,23,LAC,73,17,1156,3.1,7.3,.429,0.7,1.9,.377,2.4,5.4,.448,1.8,2.7,.670,1.0,3.3,4.4,2.1,1.5,0.8,1.7,3.9,8.8
482,Anthony Tolliver\tollian01,PF,32,DET,79,14,1757,4.5,9.7,.464,3.3,7.5,.436,1.2,2.2,.561,2.2,2.7,.797,1.0,3.9,4.9,1.8,0.7,0.4,1.2,3.0,14.4
483,Karl-Anthony Towns\townska01,C,22,MIN,82,82,2918,7.9,14.5,.545,1.5,3.5,.421,6.4,10.9,.585,4.3,5.0,.858,2.9,9.5,12.5,2.5,0.8,1.4,2.0,3.5,21.5
484,P.J. Tucker\tuckepj01,PF,32,HOU,82,34,2281,2.7,7.0,.390,1.8,4.9,.371,0.9,2.1,.435,0.7,0.9,.717,1.5,5.7,7.2,1.2,1.2,0.4,1.2,3.2,7.9
485,Evan Turner\turneev01,SF,29,POR,79,40,2034,4.6,10.2,.447,0.7,2.3,.318,3.8,7.9,.485,1.6,1.9,.850,0.5,3.8,4.3,3.1,0.8,0.5,1.8,2.9,11.5
486,Myles Turner\turnemy01,C,21,IND,65,62,1836,6.0,12.5,.479,1.1,3.1,.357,4.9,9.5,.519,3.1,4.0,.777,1.8,6.4,8.2,1.7,0.7,2.3,1.9,3.6,16.2
487,Ekpe Udoh\udohek01,C,30,UTA,63,3,810,2.7,5.3,.500,0.0,0.0,.000,2.7,5.3,.504,1.9,2.5,.750,3.0,3.6,6.7,2.4,1.9,3.3,0.9,4.7,7.2
488,Tyler Ulis\ulisty01,PG,22,PHO,71,43,1658,4.6,12.0,.388,0.9,3.2,.288,3.7,8.8,.425,1.8,2.2,.832,0.5,2.3,2.8,6.8,1.5,0.2,2.8,2.6,12.0
489,Jonas Valanciunas\valanjo01,C,25,TOR,77,77,1727,8.1,14.3,.568,0.6,1.5,.405,7.5,12.8,.587,3.5,4.4,.806,3.8,9.9,13.8,1.7,0.6,1.4,2.4,4.0,20.4
490,Denzel Valentine\valende01,SG,24,CHI,77,37,2095,5.2,12.4,.417,2.5,6.4,.386,2.7,6.0,.450,0.7,0.9,.745,0.8,5.9,6.8,4.2,1.1,0.2,1.7,3.2,13.5
491,Fred VanVleet\vanvlfr01,PG,23,TOR,76,0,1520,5.5,12.9,.426,2.6,6.2,.414,2.9,6.7,.437,2.0,2.4,.832,0.6,3.8,4.4,5.8,1.6,0.5,1.8,3.1,15.5
492,Rashad Vaughn\vaughra01,SG,21,TOT,28,0,212,3.9,9.5,.411,2.4,6.3,.378,1.5,3.2,.474,0.7,1.0,.667,0.5,3.1,3.6,2.2,0.8,0.5,1.0,2.5,10.9
492,Rashad Vaughn\vaughra01,SG,21,MIL,22,0,173,4.4,10.4,.420,2.7,7.3,.371,1.7,3.1,.533,0.8,1.2,.667,0.4,3.1,3.5,2.5,0.8,0.6,0.8,2.5,12.3
492,Rashad Vaughn\vaughra01,SG,21,BRK,1,0,4,0.0,0.0,,0.0,0.0,,0.0,0.0,,0.0,0.0,,0.0,0.0,0.0,9.0,0.0,0.0,0.0,9.0,0.0
492,Rashad Vaughn\vaughra01,SG,21,ORL,5,0,35,2.1,6.2,.333,1.0,2.1,.500,1.0,4.1,.250,0.0,0.0,,1.0,3.1,4.1,0.0,1.0,0.0,2.1,2.1,5.1
493,Noah Vonleh\vonleno01,PF,22,TOT,54,16,875,4.3,9.6,.444,0.8,2.7,.303,3.5,6.9,.500,1.5,2.4,.621,2.9,9.9,12.8,1.4,0.8,0.7,1.3,2.8,10.9
493,Noah Vonleh\vonleno01,PF,22,POR,33,12,476,3.6,7.3,.490,0.2,0.5,.333,3.4,6.8,.500,1.7,2.3,.742,2.6,10.0,12.6,1.0,0.5,0.8,1.1,3.2,9.0
493,Noah Vonleh\vonleno01,PF,22,CHI,21,4,399,5.1,12.5,.413,1.6,5.4,.300,3.5,7.0,.500,1.2,2.4,.481,3.2,9.8,13.0,1.9,1.2,0.5,1.4,2.3,13.1
494,Nikola Vucevic\vucevni01,C,27,ORL,57,57,1683,8.5,18.0,.475,1.4,4.4,.314,7.2,13.6,.527,1.6,2.0,.819,2.2,9.0,11.2,4.1,1.2,1.3,2.3,3.1,20.1
495,Dwyane Wade\wadedw01,SG,36,TOT,67,3,1536,7.0,16.0,.438,0.7,2.6,.288,6.3,13.4,.468,3.2,4.4,.714,1.2,4.7,5.9,5.3,1.4,1.1,3.3,2.9,17.9
495,Dwyane Wade\wadedw01,SG,36,CLE,46,3,1069,6.7,14.6,.455,0.8,2.4,.329,5.9,12.3,.479,3.2,4.5,.701,1.3,4.8,6.1,5.5,1.4,1.1,3.1,2.8,17.3
495,Dwyane Wade\wadedw01,SG,36,MIA,21,0,467,7.8,19.0,.409,0.7,3.2,.220,7.1,15.9,.447,3.2,4.2,.745,0.8,4.6,5.5,5.0,1.5,1.2,3.7,3.1,19.4
496,Dion Waiters\waitedi01,SG,26,MIA,30,30,918,6.4,16.1,.398,2.0,6.7,.306,4.4,9.4,.463,2.0,2.7,.739,0.3,2.7,3.0,4.4,0.9,0.4,2.7,2.4,16.8
497,Kemba Walker\walkeke02,PG,27,CHO,80,80,2736,7.7,17.9,.431,3.0,7.9,.384,4.7,10.0,.469,4.8,5.5,.864,0.4,2.8,3.3,5.8,1.2,0.3,2.4,1.3,23.3
498,John Wall\walljo01,PG,27,WAS,41,41,1410,7.1,17.0,.420,1.6,4.3,.371,5.6,12.8,.436,4.5,6.2,.726,0.6,3.3,3.8,10.0,1.5,1.1,4.0,2.0,20.3
499,Tyrone Wallace\wallaty01,PG,23,LAC,30,19,851,4.7,10.4,.445,0.4,1.7,.250,4.2,8.8,.483,2.6,3.3,.782,0.9,3.6,4.4,3.0,1.1,0.5,1.9,3.5,12.3
500,Taurean Waller-Prince\princta02,SF,23,ATL,82,82,2464,6.1,14.2,.426,2.6,6.7,.385,3.5,7.6,.461,2.2,2.6,.844,0.7,5.0,5.7,3.1,1.2,0.6,2.8,2.5,16.9
501,Derrick Walton\waltode01,PG,22,MIA,16,0,147,2.0,6.1,.320,1.7,4.2,.412,0.2,2.0,.125,1.5,1.5,1.000,0.5,3.4,3.9,3.9,1.7,0.7,0.5,1.7,7.1
502,Jameel Warney\warneja01,PF,24,DAL,3,0,27,9.3,16.0,.583,0.0,0.0,,9.3,16.0,.583,4.0,6.7,.600,5.3,6.7,12.0,0.0,0.0,0.0,1.3,2.7,22.7
503,T.J. Warren\warretj01,SF,24,PHO,65,65,2142,8.9,17.9,.498,0.3,1.5,.222,8.6,16.4,.523,3.2,4.3,.757,2.1,3.5,5.6,1.4,1.1,0.7,1.4,2.5,21.4
504,Travis Wear\weartr01,SF,27,LAL,17,0,228,3.9,11.4,.347,2.7,7.4,.362,1.3,3.9,.320,1.3,1.3,1.000,0.0,6.0,6.0,1.1,0.6,0.8,0.9,4.7,11.8
505,James Webb\webbja01,SF,24,BRK,10,0,120,1.8,7.2,.250,1.2,5.7,.211,0.6,1.5,.400,0.0,0.0,,2.4,4.8,7.2,1.2,0.3,0.0,1.2,3.0,4.8
506,Briante Weber\weberbr01,PG,25,TOT,18,0,237,2.9,6.5,.442,0.6,1.7,.364,2.3,4.9,.469,1.2,1.5,.800,1.2,4.1,5.3,3.3,2.7,0.8,2.3,4.3,7.6
506,Briante Weber\weberbr01,PG,25,HOU,13,0,118,2.7,6.7,.409,1.2,2.7,.444,1.5,4.0,.385,1.2,1.2,1.000,0.9,4.6,5.5,4.0,3.1,0.9,2.1,5.5,7.9
506,Briante Weber\weberbr01,PG,25,MEM,5,0,119,3.0,6.4,.476,0.0,0.6,.000,3.0,5.7,.526,1.2,1.8,.667,1.5,3.6,5.1,2.7,2.4,0.6,2.4,3.0,7.3
507,David West\westda01,C,37,GSW,73,0,999,7.8,13.6,.571,0.1,0.3,.375,7.7,13.3,.576,2.2,2.8,.759,2.3,6.3,8.6,5.0,1.7,2.7,2.9,4.3,17.8
508,Russell Westbrook\westbru01,PG,29,OKC,80,80,2914,9.4,20.8,.449,1.2,4.0,.298,8.2,16.8,.485,5.2,7.0,.737,1.9,8.1,9.9,10.1,1.8,0.2,4.7,2.5,25.1
509,Andrew White\whitean01,SF,24,ATL,15,0,209,4.3,12.6,.342,3.1,8.4,.367,1.2,4.1,.292,0.2,0.7,.250,0.7,5.2,5.9,1.0,0.5,0.2,1.4,2.1,11.9
510,Derrick White\whitede01,PG,23,SAS,17,0,139,4.1,8.5,.485,2.1,3.4,.615,2.1,5.2,.400,3.6,5.2,.700,1.3,5.4,6.7,2.3,1.0,0.8,1.6,2.1,14.0
511,Okaro White\whiteok01,PF,25,MIA,6,4,80,3.2,7.2,.438,1.8,5.0,.364,1.4,2.3,.600,0.9,1.4,.667,1.4,3.6,5.0,0.9,0.5,0.5,0.5,2.7,9.0
512,Isaiah Whitehead\whiteis01,PG,22,BRK,16,0,180,8.0,17.2,.465,1.4,3.6,.389,6.6,13.6,.485,2.6,3.8,.684,0.8,4.4,5.2,4.0,1.6,0.4,4.8,4.6,20.0
513,Hassan Whiteside\whiteha01,C,28,MIA,54,54,1364,8.2,15.3,.540,0.1,0.1,1.000,8.2,15.2,.538,3.4,4.8,.703,4.6,11.7,16.3,1.4,1.0,2.5,2.4,3.5,19.9
514,Andrew Wiggins\wiggian01,SF,22,MIN,82,82,2979,6.9,15.7,.438,1.4,4.1,.331,5.5,11.6,.475,2.4,3.8,.643,1.0,3.3,4.3,1.9,1.1,0.6,1.7,2.0,17.5
515,Jacob Wiley\wileyja01,PF,23,BRK,5,0,33,1.1,4.4,.250,1.1,2.2,.500,0.0,2.2,.000,1.1,2.2,.500,2.2,9.8,12.0,2.2,1.1,0.0,0.0,4.4,4.4
516,Damien Wilkins\wilkida02,SF,38,IND,19,1,152,3.1,9.2,.333,0.9,4.3,.222,2.1,5.0,.429,0.7,0.9,.750,1.2,2.6,3.8,2.1,0.5,0.2,1.2,1.7,7.8
517,Alan Williams\willial03,PF,25,PHO,5,0,70,3.6,9.3,.389,0.0,0.0,,3.6,9.3,.389,3.1,4.6,.667,1.5,9.8,11.3,4.1,2.6,0.5,3.6,6.7,10.3
518,C.J. Williams\willicj01,SG,27,LAC,38,17,707,4.4,10.0,.442,1.1,4.0,.282,3.3,6.1,.546,0.7,0.8,.813,0.6,2.2,2.9,2.2,1.6,0.7,1.0,3.2,10.6
519,Derrick Williams\willide02,PF,26,LAL,2,0,9,4.0,16.0,.250,0.0,8.0,.000,4.0,8.0,.500,0.0,0.0,,0.0,4.0,4.0,0.0,0.0,0.0,0.0,0.0,8.0
520,Lou Williams\willilo02,SG,31,LAC,79,19,2589,8.1,18.6,.435,2.6,7.2,.359,5.5,11.4,.484,6.0,6.8,.880,0.6,2.2,2.8,5.8,1.2,0.3,3.3,1.5,24.8
521,Marvin Williams\willima02,PF,31,CHO,78,78,2006,4.6,10.1,.458,2.3,5.5,.413,2.4,4.6,.512,1.8,2.2,.829,1.3,5.3,6.6,1.7,1.0,0.7,1.2,2.1,13.4
522,Matt Williams\willima05,SG,24,MIA,3,0,11,6.5,19.6,.333,3.3,16.4,.200,3.3,3.3,1.000,0.0,0.0,,0.0,3.3,3.3,0.0,0.0,0.0,3.3,3.3,16.4
523,Troy Williams\willitr02,SF,23,TOT,21,1,307,6.0,12.8,.468,1.3,4.5,.289,4.7,8.3,.563,2.3,3.5,.667,2.6,4.8,7.4,1.9,2.3,0.5,2.2,4.0,15.6
523,Troy Williams\willitr02,SF,23,HOU,4,0,17,4.2,19.1,.222,0.0,10.6,.000,4.2,8.5,.500,2.1,6.4,.333,2.1,6.4,8.5,2.1,2.1,0.0,2.1,4.2,10.6
523,Troy Williams\willitr02,SF,23,NYK,17,1,290,6.1,12.4,.490,1.4,4.1,.333,4.7,8.3,.567,2.4,3.4,.704,2.6,4.7,7.3,1.9,2.4,0.5,2.2,4.0,15.9
524,D.J. Wilson\wilsodj01,PF,21,MIL,22,0,71,4.6,8.1,.563,1.0,2.5,.400,3.5,5.6,.636,0.5,1.0,.500,1.0,4.1,5.1,1.5,1.5,0.5,2.0,3.5,10.6
525,Jamil Wilson\wilsoja02,SF,27,LAC,15,10,274,5.0,10.6,.469,3.5,8.3,.429,1.4,2.4,.611,0.3,0.5,.500,0.4,3.8,4.2,1.3,0.7,1.1,1.1,4.5,13.8
526,Justise Winslow\winslju01,PF,21,MIA,68,25,1680,4.4,10.5,.424,1.0,2.8,.380,3.4,7.7,.440,1.4,2.2,.635,1.4,6.5,7.9,3.2,1.2,0.7,1.6,3.0,11.3
527,Jeff Withey\witheje01,C,27,DAL,9,0,39,5.5,14.8,.375,1.8,9.2,.200,3.7,5.5,.667,0.9,1.8,.500,0.9,8.3,9.2,0.0,0.0,2.8,1.8,2.8,13.8
528,Nate Wolters\woltena01,PG,26,UTA,5,0,19,1.9,11.4,.167,0.0,0.0,,1.9,11.4,.167,0.0,0.0,,1.9,1.9,3.8,1.9,0.0,0.0,0.0,1.9,3.8
529,Brandan Wright\wrighbr03,PF,30,TOT,28,1,381,5.6,9.6,.578,0.0,0.0,,5.6,9.6,.578,2.0,3.1,.636,3.1,5.9,9.0,1.2,1.2,2.5,0.8,3.0,13.1
529,Brandan Wright\wrighbr03,PF,30,MEM,27,1,366,5.6,9.7,.576,0.0,0.0,,5.6,9.7,.576,2.1,3.2,.636,3.1,6.0,9.1,1.3,1.3,2.5,0.8,2.9,13.3
529,Brandan Wright\wrighbr03,PF,30,HOU,1,0,15,4.8,7.2,.667,0.0,0.0,,4.8,7.2,.667,0.0,0.0,,2.4,2.4,4.8,0.0,0.0,2.4,0.0,7.2,9.6
530,Delon Wright\wrighde01,PG,25,TOR,69,4,1433,5.0,10.9,.465,1.4,3.8,.366,3.6,7.0,.520,2.4,2.9,.829,1.1,3.8,5.0,5.0,1.8,0.8,2.0,2.0,13.9
531,Guerschon Yabusele\yabusgu01,PF,22,BOS,33,4,235,4.0,9.3,.426,1.8,5.7,.324,2.1,3.7,.583,2.3,3.4,.682,2.6,5.4,8.0,2.5,0.6,0.8,1.8,3.5,12.1
532,James Young\youngja01,SG,22,PHI,6,0,61,3.0,8.3,.357,1.8,5.9,.300,1.2,2.4,.500,2.4,3.5,.667,0.0,1.2,1.2,1.2,0.0,0.0,0.6,2.4,10.0
533,Joe Young\youngjo01,PG,25,IND,53,1,558,5.2,12.0,.430,1.6,4.3,.379,3.5,7.7,.458,1.4,1.9,.759,0.8,3.3,4.1,2.5,0.9,0.1,1.7,2.5,13.4
534,Nick Young\youngni01,SG,32,GSW,80,8,1393,5.2,12.6,.412,3.2,8.4,.377,2.0,4.2,.481,1.4,1.7,.862,0.5,2.7,3.2,0.9,1.0,0.2,1.0,2.6,15.0
535,Thaddeus Young\youngth01,PF,29,IND,81,81,2607,5.8,11.9,.487,0.8,2.5,.320,5.0,9.4,.531,0.8,1.3,.598,2.5,4.5,7.1,2.1,1.9,0.5,1.4,2.4,13.2
536,Cody Zeller\zelleco01,C,25,CHO,33,0,627,4.9,9.0,.545,0.1,0.2,.667,4.8,8.8,.542,3.5,4.9,.718,3.8,6.3,10.2,1.8,0.8,1.2,1.9,4.7,13.4
537,Tyler Zeller\zellety01,C,28,TOT,66,34,1109,6.1,10.8,.560,0.3,0.9,.357,5.7,9.9,.578,1.9,2.6,.722,3.6,6.3,9.9,1.5,0.5,1.1,1.5,4.1,14.3
537,Tyler Zeller\zellety01,C,28,BRK,42,33,703,6.4,11.7,.546,0.5,1.3,.385,5.9,10.4,.567,2.0,3.1,.667,3.2,6.7,9.9,1.4,0.4,1.1,1.8,4.0,15.4
537,Tyler Zeller\zellety01,C,28,MIL,24,1,406,5.5,9.3,.590,0.0,0.2,.000,5.5,9.1,.602,1.5,1.7,.895,4.2,5.7,9.8,1.7,0.6,1.2,1.1,4.3,12.5
538,Paul Zipser\zipsepa01,SF,23,CHI,54,12,824,3.5,10.2,.346,1.6,4.8,.336,1.9,5.4,.355,0.8,1.1,.760,0.6,5.2,5.7,2.0,0.9,0.7,1.9,3.8,9.5
539,Ante Zizic\zizican01,C,21,CLE,32,2,214,8.2,11.3,.731,0.0,0.0,,8.2,11.3,.731,3.5,4.9,.724,4.0,6.1,10.1,0.8,0.3,2.2,1.9,5.0,20.0
540,Ivica Zubac\zubaciv01,C,20,LAL,43,0,410,5.4,10.7,.500,0.0,0.1,.000,5.4,10.6,.504,3.4,4.5,.765,4.0,6.8,10.8,2.2,0.7,1.3,2.3,4.1,14.1